480 640
126 118
122 125
132 138
123 128
114 137
109 128
124 110
146 131
72 168
85 139
123 149
106 161
92 144
145 156
115 142
79 156
94 169
168 131
205 159
269 172
159 169
208 248
317 346
473 351
506 217
508 151
386 217
537 263
462 162
457 214
484 245
405 265
439 210
482 239
453 273
450 250
493 248
505 216
473 199
472 214
493 248
433 275
439 237
455 210
473 191
499 202
508 239
498 276
453 257
538 170
499 157
333 5
336 49
305 46
301 26
330 45
312 40
277 62
347 60
372 59
370 34
335 26
351 47
358 56
347 71
314 71
297 73
260 74
272 33
302 38
260 50
245 65
234 63
242 39
268 39
281 56
212 90
212 90
243 82
278 82
294 82
286 71
252 68
84 174
133 159
134 149
107 150
119 362
124 387
303 387
503 408
51 435
82 379
85 386
76 415
65 417
67 389
104 368
106 367
102 398
96 429
90 441
82 434
108 408
117 370
138 373
149 409
150 423
128 428
126 410
115 362
79 355
71 335
160 308
150 359
125 336
82 311
7 403
23 435
153 432
203 432
378 439
400 397
472 412
509 433
550 63
89 58
34 67
595 464
407 147
87 241
265 292
598 349
186 398
131 338
85 356
76 383
76 384
94 381
191 114
157 108
133 124
96 189
97 189
149 178
105 175
105 175
129 177
120 193
111 193
74 194
71 186
66 177
