480 640
142 63
122 81
129 101
142 98
154 78
134 94
132 121
94 118
99 93
106 62
75 76
85 117
82 139
59 129
58 96
67 67
118 106
137 126
149 135
99 130
87 146
110 155
157 126
160 102
160 68
146 53
93 58
68 63
67 78
243 120
299 184
291 268
206 277
333 165
446 172
456 333
267 390
227 403
581 410
602 381
559 59
496 121
503 203
486 264
444 277
428 307
397 326
382 305
411 279
422 240
317 288
211 395
229 414
421 413
416 410
416 410
391 410
302 432
286 423
310 399
391 384
411 377
528 392
551 372
543 347
514 351
495 373
458 407
412 397
405 371
293 361
275 390
267 354
264 333
263 312
263 312
350 325
345 335
251 333
274 323
302 340
303 353
338 378
362 379
374 357
201 344
460 378
436 387
422 356
372 357
333 391
314 414
182 387
223 360
224 360
561 440
499 450
420 454
261 456
183 457
1 438
70 386
96 415
52 327
82 347
110 373
95 380
382 361
336 368
287 352
468 277
480 321
484 335
437 326
473 298
444 282
406 292
387 316
357 326
363 350
398 358
422 358
425 355
307 355
281 368
255 374
254 403
273 410
342 363
368 349
434 373
430 393
395 390
383 357
365 326
340 325
347 307
363 290
365 275
388 282
386 300
363 310
343 296
361 290
458 345
486 385
485 398
452 395
462 367
458 350
389 350
381 350
385 343
403 338
420 337
422 336
408 347
400 351
393 351
379 349
379 339
381 332
59 21
44 37
42 58
57 75
47 100
38 63
51 47
78 49
92 44
104 71
102 89
225 56
236 42
274 36
297 74
178 206
127 235
35 236
448 132
443 63
559 225
571 312
154 329
157 366
108 391
