640 480
59 76
80 73
114 71
139 102
121 124
113 153
98 183
83 207
77 251
92 314
105 358
210 347
226 321
227 268
157 253
150 310
140 326
139 308
132 274
146 263
176 316
144 329
133 329
258 569
363 563
368 559
368 559
347 569
346 581
362 587
378 587
384 579
373 574
366 576
360 576
355 563
362 538
375 537
403 552
407 572
401 585
363 596
331 597
335 566
349 543
351 540
381 537
398 563
384 587
372 605
399 607
414 598
421 583
404 597
381 598
332 602
298 604
352 574
342 569
314 576
305 587
303 578
316 557
330 547
351 518
377 522
421 555
427 556
294 86
315 87
317 109
277 117
296 95
307 107
296 118
255 114
219 116
191 140
221 177
222 205
182 198
196 177
228 174
270 159
207 113
66 141
61 163
67 174
64 199
49 142
57 114
95 121
114 134
121 193
150 216
153 174
160 137
168 106
161 84
189 64
189 64
199 73
202 91
172 91
143 64
108 98
88 89
75 47
37 70
45 102
51 132
34 169
24 201
64 241
43 275
48 295
69 326
54 351
114 360
151 321
187 282
200 260
216 230
204 220
47 236
72 236
81 294
332 236
340 197
263 81
