# timestamp x y z q0 q1 q2 q3
1305031229.528748 0.000000000 0.000000000 0.000000000 0.000000000 0.000000000 0.000000000 1.000000000
1305031229.564425 -0.008936194 0.002637841 0.025868790 -0.001947888 -0.031745720 0.004590012 0.999483540
1305031229.596600 0.003799721 -0.006452449 -0.004121520 -0.007172806 -0.061710806 0.004925818 0.998056142
1305031229.628753 -0.005286448 -0.005045682 0.012966572 -0.009582397 -0.076939643 0.011078512 0.996928150
1305031229.664657 0.013061578 -0.028484368 -0.002715633 -0.017894933 -0.103670211 0.007989989 0.994418634
1305031229.696827 0.014777026 -0.027984031 0.000972812 -0.017936253 -0.116006194 0.012307037 0.993010267
1305031229.729064 0.001763464 -0.021246518 0.016729922 -0.015388181 -0.132629594 0.018858390 0.990866770
1305031229.764848 0.014128478 -0.023884540 0.002812002 -0.017136305 -0.157035516 0.021295170 0.987214622
1305031229.796909 0.012434584 -0.022725135 0.014575954 -0.016300233 -0.173809503 0.026626174 0.984284312
1305031229.825613 0.006130947 -0.021430572 0.024243610 -0.016074763 -0.194558154 0.029263029 0.980322601
1305031229.863055 0.006202099 -0.024161879 0.024802481 -0.017618404 -0.216380452 0.033563443 0.975572953
1305031229.896929 -0.000305836 -0.023654721 0.023513094 -0.017289712 -0.236608324 0.039655179 0.970641558
1305031229.926248 -0.001104939 -0.025845100 0.024070735 -0.018762513 -0.262141630 0.044804718 0.963806138
1305031229.966160 -0.005072399 -0.027537621 0.026333686 -0.019615754 -0.285122832 0.049626025 0.957004415
1305031229.997917 -0.002345100 -0.028277869 0.027642285 -0.020192890 -0.306039585 0.052274689 0.950368022
1305031230.029991 -0.002136795 -0.029139405 0.032251786 -0.020621628 -0.324049757 0.054140679 0.944264418
1305031230.065687 -0.002472940 -0.034050219 0.031932106 -0.021171523 -0.338997060 0.053906079 0.939003139
1305031230.098242 -0.002890307 -0.033284176 0.029655834 -0.020341753 -0.353150120 0.055873144 0.933675210
1305031230.129919 -0.001756764 -0.034321069 0.031770910 -0.021734426 -0.368498150 0.057523542 0.927592459
1305031230.165771 -0.003599392 -0.034633420 0.031398239 -0.022948302 -0.381913379 0.059387164 0.922002555
1305031230.197772 -0.003832370 -0.032965786 0.031337291 -0.021789175 -0.396363842 0.060503160 0.915838580
1305031230.229830 -0.005421537 -0.035828050 0.031437907 -0.024349301 -0.410680469 0.063248854 0.909256975
1305031230.265580 -0.003554824 -0.036075104 0.031486503 -0.024750909 -0.426534700 0.064985793 0.901793983
1305031230.297982 -0.004392820 -0.034094504 0.032963502 -0.025167121 -0.442376365 0.067728042 0.893914246
1305031230.325685 -0.007265013 -0.033947982 0.034664681 -0.024291560 -0.457527435 0.071483178 0.885984606
1305031230.365650 -0.006267758 -0.035111070 0.035780339 -0.025075049 -0.473906240 0.072951215 0.877189967
1305031230.397265 -0.011076995 -0.036078112 0.033441214 -0.027325948 -0.488935853 0.076482797 0.868530602
1305031230.425670 -0.006820426 -0.033283565 0.034510786 -0.029267053 -0.508634230 0.083717622 0.856402954
1305031230.465220 -0.014776410 -0.038116002 0.037925609 -0.032609563 -0.528973911 0.089506878 0.843274414
1305031230.497228 -0.018281277 -0.038202127 0.034525572 -0.034764502 -0.552278292 0.092099220 0.827827187
1305031230.526720 -0.023821169 -0.040830637 0.033539706 -0.037974366 -0.576342918 0.096254015 0.810630590
1305031230.566084 -0.039239280 -0.030898356 0.038514448 -0.033918844 -0.600141141 0.098921881 0.793028741
1305031230.598825 -0.042538283 -0.030098099 0.037013886 -0.035623659 -0.622816670 0.100523603 0.775064743
1305031230.626028 -0.038885810 -0.031098589 0.038574828 -0.037312642 -0.645699966 0.100722121 0.755998925
1305031230.665795 -0.043316496 -0.020499472 0.055051770 -0.038503084 -0.668967616 0.105453130 0.734764914
1305031230.697932 -0.051479766 -0.019592162 0.057667789 -0.038758838 -0.684471642 0.104785885 0.720427819
1305031230.725671 -0.051904831 -0.021958952 0.054175880 -0.041391528 -0.698585425 0.106350739 0.706367232
1305031230.765854 -0.056117130 -0.022911056 0.052221213 -0.042202060 -0.713228801 0.106878837 0.691448175
1305031230.797303 -0.059071596 -0.025342835 0.051274209 -0.041980505 -0.728223529 0.108621534 0.675373594
1305031230.825729 -0.061295588 -0.028329029 0.045875431 -0.042481617 -0.742633239 0.112777561 0.658765821
1305031230.865523 -0.061638804 -0.032000063 0.042113226 -0.043245747 -0.757808069 0.115032113 0.640799772
1305031230.897379 -0.076746556 -0.028083314 0.050403672 -0.037826182 -0.774101836 0.116718996 0.621057327
1305031230.925860 -0.093103122 -0.030889288 0.051630509 -0.034838956 -0.786592983 0.117419656 0.605202735
1305031230.964976 -0.118278354 -0.035145729 0.049022331 -0.033234486 -0.795030418 0.119475436 0.593757293
1305031230.997080 -0.130237102 -0.032477736 0.046362496 -0.030478717 -0.799073200 0.119542219 0.588440929
1305031231.025653 -0.146936573 -0.028855553 0.046838674 -0.027684131 -0.801162313 0.119811552 0.585677154
1305031231.064422 -0.148232113 -0.031212249 0.044128234 -0.026185527 -0.800243967 0.119761200 0.587010364
1305031231.096775 -0.141314505 -0.029186223 0.044702160 -0.026419814 -0.798846543 0.119376213 0.588978365
1305031231.125728 -0.149538937 -0.030208249 0.044348851 -0.027163898 -0.798186631 0.119213129 0.589871557
1305031231.165241 -0.140849133 -0.021326166 0.039993440 -0.025269879 -0.795510588 0.120739295 0.593250672
1305031231.197747 -0.166693061 -0.027083616 0.040011503 -0.025847071 -0.791806939 0.119145052 0.598479872
1305031231.225711 -0.157824309 -0.056142489 0.072968511 -0.034754396 -0.786144584 0.117348868 0.605803655
1305031231.265594 -0.134834802 -0.043585763 0.067098172 -0.035370053 -0.770711758 0.118472019 0.625073377
1305031231.297846 -0.106469154 -0.030241736 0.060405205 -0.037142371 -0.749480947 0.118661326 0.650244757
1305031231.325741 -0.099618073 -0.027461872 0.062985187 -0.037790746 -0.727473016 0.116007533 0.675201542
1305031231.365066 -0.098775843 -0.028697118 0.068663920 -0.038559442 -0.706150828 0.111561177 0.698153479
1305031231.397128 -0.089592392 -0.027190073 0.066551493 -0.038523239 -0.684412311 0.108227676 0.719987861
1305031231.425688 -0.077247350 -0.022984508 0.061480816 -0.040803644 -0.665516657 0.105793038 0.737719781
1305031231.464918 -0.065256297 -0.012128512 0.071224098 -0.040128043 -0.649385771 0.101051263 0.752646333
1305031231.493669 -0.054919095 -0.016096052 0.058098969 -0.044803938 -0.633409266 0.099845402 0.766039297
1305031231.525755 -0.051979812 -0.015425924 0.057203371 -0.047056314 -0.617368106 0.098225552 0.779098239
1305031231.565052 -0.049780118 -0.013420078 0.056652380 -0.048250538 -0.602158231 0.096415582 0.791063453
1305031231.593737 -0.044823346 -0.013566071 0.060352542 -0.051034590 -0.587949992 0.093977877 0.801797004
1305031231.625704 -0.042206783 -0.012231613 0.056613718 -0.049729296 -0.571285597 0.089391531 0.814351839
1305031231.665045 -0.038925531 -0.012121398 0.057595493 -0.050565988 -0.556058062 0.088185289 0.824903551
1305031231.693702 -0.036625875 -0.012165580 0.058498972 -0.051755194 -0.540290931 0.085514230 0.835520452
1305031231.725886 -0.029037067 -0.007960201 0.055861250 -0.050164380 -0.522942915 0.080373692 0.847085776
1305031231.765478 -0.034479010 -0.010025102 0.062640729 -0.050737578 -0.501849571 0.073728929 0.860312008
1305031231.793723 -0.030132835 -0.007203002 0.061241141 -0.049556791 -0.478657327 0.066466726 0.874078636
1305031231.825686 -0.035232053 -0.004561758 0.062830499 -0.046089833 -0.454519702 0.058293303 0.887631376
1305031231.864940 -0.028223984 -0.004691394 0.061848654 -0.045000228 -0.428984312 0.051777167 0.900703372
1305031231.893727 -0.029080925 -0.004883651 0.059738029 -0.043051117 -0.400166043 0.043959990 0.914374791
1305031231.925706 -0.025358762 -0.008246263 0.052153680 -0.044001126 -0.374254396 0.038051630 0.925499660
1305031231.965010 -0.022643754 -0.010862226 0.043198003 -0.044396553 -0.348984914 0.034266302 0.935448714
1305031231.993726 -0.029436908 -0.009477522 0.038512287 -0.042850638 -0.325154504 0.030198599 0.944206765
1305031232.025790 -0.031972522 -0.006121195 0.047473045 -0.038637364 -0.306613770 0.026022563 0.950693419
1305031232.065122 -0.042261870 -0.003061455 0.044626501 -0.034081448 -0.280048007 0.020776256 0.959155835
1305031232.093725 -0.038931749 -0.002143496 0.046419904 -0.034992286 -0.261088998 0.020104721 0.964470775
1305031232.125662 -0.030178156 -0.005201874 0.043507949 -0.035277654 -0.244107396 0.016751564 0.968961533
1305031232.165032 -0.031090067 -0.001642779 0.042821762 -0.032199925 -0.226597019 0.015255041 0.973336653
1305031232.193716 -0.032123294 0.000859532 0.040801913 -0.029684255 -0.207587491 0.012189243 0.977689982
1305031232.225683 -0.022061726 0.000768774 0.039013808 -0.030043620 -0.191117882 0.007722699 0.981076804
1305031232.262691 -0.012443319 0.000797539 0.035390972 -0.027949346 -0.173498046 0.002560124 0.984434207
1305031232.293855 -0.033186426 0.010082424 0.033866621 -0.024068479 -0.146778458 0.000761244 0.988876238
1305031232.325619 -0.034811643 0.012506049 0.035893030 -0.022077660 -0.128484859 -0.003275240 0.991460282
1305031232.364738 -0.040758900 0.018171177 0.034032446 -0.018837162 -0.110025903 -0.005363642 0.993735726
1305031232.393714 -0.043320228 0.026427574 0.029233873 -0.015846377 -0.095303053 -0.006403315 0.995301571
1305031232.425721 -0.044778259 0.029633874 0.030566627 -0.014608666 -0.084213392 -0.008392424 0.996305304
1305031232.464703 -0.047020218 0.026227880 0.028290031 -0.015728301 -0.075025557 -0.012132781 0.996983742
1305031232.493650 -0.044070241 0.024846791 0.026857642 -0.015944904 -0.065325388 -0.013659150 0.997643113
1305031232.525781 -0.044106563 0.021113735 0.023835739 -0.017706005 -0.052268453 -0.017934697 0.998315007
1305031232.564714 -0.046536659 0.020485611 0.024114598 -0.017319445 -0.038564106 -0.020828984 0.998888883
1305031232.593722 -0.039296795 0.017880652 0.020741969 -0.018060019 -0.027849762 -0.024298722 0.999153541
1305031232.625783 -0.044051850 0.020144346 0.017316643 -0.017903070 -0.008580502 -0.029441459 0.999369329
1305031232.664695 -0.049593263 0.020232210 0.020115730 -0.017410927 0.009331643 -0.033106734 0.999256586
1305031232.693701 -0.044769714 0.019537533 0.016720063 -0.015422032 0.020918138 -0.036550631 0.998993816
1305031232.725876 -0.039447435 0.006258614 0.011931694 -0.021118532 0.035051545 -0.043784512 0.998202541
1305031232.761719 -0.046892575 0.014453694 0.013796285 -0.018157781 0.057105698 -0.048939700 0.997002578
1305031232.793672 -0.045694071 0.004292801 0.014576733 -0.019819292 0.072705780 -0.055855459 0.995590896
1305031232.825767 -0.046716045 0.015507803 0.007467979 -0.013894914 0.089131028 -0.057528257 0.994260072
1305031232.861666 -0.052114112 0.028759066 0.012193133 -0.008888564 0.105251273 -0.057368677 0.992749716
1305031232.893683 -0.046610794 0.022228935 -0.003073200 -0.008608260 0.110217490 -0.055482678 0.992320349
1305031232.925756 -0.046449742 0.025830836 -0.003519116 -0.006410875 0.112841509 -0.051210234 0.992271740
1305031232.961662 -0.051557303 0.031371663 0.003116837 -0.003956930 0.116077909 -0.049922433 0.991976820
1305031232.993641 -0.044669150 0.033923187 -0.013610632 -0.003144034 0.111509712 -0.042524552 0.992848106
1305031233.025746 -0.045694071 0.004292801 0.014576733 -0.019819292 0.072705780 -0.055855459 0.995590896
1305031233.061697 0.007149809 0.170141914 1.171644304 -0.144117890 -0.119314579 -0.132070564 0.973422535
