# ground truth trajectory
# file: 'rgbd_dataset_freiburg1_rpy.bag'
# timestamp tx ty tz qx qy qz qw
1305031225.9334 1.3357 0.6698 1.6180 0.6504 0.6012 -0.3056 -0.3496
1305031225.9434 1.3352 0.6704 1.6175 0.6509 0.5999 -0.3026 -0.3535
1305031225.9533 1.3356 0.6711 1.6174 0.6527 0.5997 -0.2962 -0.3557
1305031225.9634 1.3355 0.6719 1.6172 0.6541 0.5988 -0.2910 -0.3590
1305031225.9734 1.3352 0.6724 1.6169 0.6545 0.5976 -0.2871 -0.3634
1305031225.9834 1.3352 0.6729 1.6169 0.6555 0.5964 -0.2819 -0.3675
1305031225.9934 1.3351 0.6735 1.6168 0.6566 0.5948 -0.2771 -0.3720
1305031226.0035 1.3354 0.6744 1.6168 0.6575 0.5939 -0.2716 -0.3758
1305031226.0134 1.3354 0.6752 1.6167 0.6589 0.5925 -0.2658 -0.3796
1305031226.0234 1.3353 0.6759 1.6166 0.6597 0.5906 -0.2611 -0.3844
1305031226.0333 1.3353 0.6765 1.6165 0.6608 0.5893 -0.2555 -0.3883
1305031226.0434 1.3352 0.6774 1.6164 0.6619 0.5878 -0.2504 -0.3920
1305031226.0534 1.3353 0.6781 1.6162 0.6634 0.5861 -0.2448 -0.3955
1305031226.0634 1.3353 0.6789 1.6163 0.6645 0.5849 -0.2397 -0.3986
1305031226.0734 1.3355 0.6796 1.6162 0.6660 0.5836 -0.2346 -0.4011
1305031226.0834 1.3354 0.6803 1.6160 0.6665 0.5822 -0.2304 -0.4046
1305031226.0933 1.3355 0.6810 1.6159 0.6675 0.5801 -0.2260 -0.4086
1305031226.1034 1.3356 0.6816 1.6161 0.6682 0.5784 -0.2211 -0.4125
1305031226.1134 1.3356 0.6823 1.6161 0.6686 0.5762 -0.2168 -0.4170
1305031226.1234 1.3358 0.6829 1.6162 0.6692 0.5746 -0.2114 -0.4211
1305031226.1333 1.3359 0.6837 1.6162 0.6700 0.5727 -0.2059 -0.4251
1305031226.1433 1.3360 0.6843 1.6162 0.6703 0.5714 -0.2010 -0.4288
1305031226.1533 1.3361 0.6849 1.6162 0.6712 0.5702 -0.1949 -0.4317
1305031226.1633 1.3361 0.6855 1.6160 0.6713 0.5685 -0.1903 -0.4359
1305031226.1734 1.3361 0.6864 1.6161 0.6712 0.5668 -0.1858 -0.4400
1305031226.1834 1.3364 0.6869 1.6161 0.6722 0.5657 -0.1800 -0.4423
1305031226.1933 1.3366 0.6874 1.6162 0.6730 0.5641 -0.1744 -0.4455
1305031226.2033 1.3366 0.6881 1.6162 0.6729 0.5619 -0.1701 -0.4501
1305031226.2133 1.3359 0.6885 1.6164 0.6722 0.5601 -0.1666 -0.4547
1305031226.2233 1.3365 0.6889 1.6164 0.6727 0.5592 -0.1611 -0.4570
1305031226.2333 1.3363 0.6895 1.6163 0.6724 0.5579 -0.1567 -0.4605
1305031226.2433 1.3362 0.6900 1.6163 0.6715 0.5568 -0.1535 -0.4642
1305031226.2534 1.3362 0.6905 1.6162 0.6710 0.5562 -0.1494 -0.4670
1305031226.2633 1.3365 0.6912 1.6160 0.6709 0.5553 -0.1453 -0.4695
1305031226.2734 1.3367 0.6915 1.6160 0.6715 0.5545 -0.1409 -0.4709
1305031226.2833 1.3366 0.6918 1.6161 0.6722 0.5533 -0.1357 -0.4728
1305031226.2933 1.3367 0.6924 1.6160 0.6726 0.5512 -0.1311 -0.4760
1305031226.3033 1.3368 0.6930 1.6159 0.6732 0.5496 -0.1266 -0.4783
1305031226.3133 1.3369 0.6936 1.6158 0.6732 0.5476 -0.1223 -0.4817
1305031226.3233 1.3370 0.6943 1.6157 0.6731 0.5459 -0.1182 -0.4846
1305031226.3334 1.3369 0.6950 1.6156 0.6726 0.5441 -0.1142 -0.4884
1305031226.3433 1.3372 0.6954 1.6154 0.6732 0.5427 -0.1099 -0.4901
1305031226.3533 1.3373 0.6960 1.6153 0.6731 0.5409 -0.1063 -0.4930
1305031226.3633 1.3374 0.6966 1.6152 0.6728 0.5387 -0.1027 -0.4966
1305031226.3734 1.3378 0.6973 1.6152 0.6731 0.5369 -0.0983 -0.4990
1305031226.3833 1.3379 0.6979 1.6153 -0.6731 -0.5343 0.0942 0.5026
1305031226.3933 1.3384 0.6987 1.6151 -0.6740 -0.5313 0.0889 0.5055
1305031226.4033 1.3384 0.6994 1.6150 -0.6733 -0.5287 0.0848 0.5099
1305031226.4133 1.3386 0.6999 1.6147 -0.6742 -0.5264 0.0791 0.5120
1305031226.4233 1.3388 0.7007 1.6145 -0.6746 -0.5249 0.0740 0.5137
1305031226.4333 1.3395 0.7014 1.6144 -0.6762 -0.5222 0.0684 0.5151
1305031226.4433 1.3395 0.7021 1.6143 -0.6764 -0.5198 0.0644 0.5179
1305031226.4533 1.3399 0.7027 1.6143 -0.6767 -0.5173 0.0598 0.5206
1305031226.4633 1.3402 0.7035 1.6143 -0.6764 -0.5147 0.0562 0.5238
1305031226.4733 1.3405 0.7040 1.6146 -0.6766 -0.5110 0.0514 0.5276
1305031226.4833 1.3412 0.7046 1.6146 -0.6766 -0.5083 0.0469 0.5308
1305031226.4934 1.3413 0.7051 1.6149 -0.6759 -0.5054 0.0417 0.5348
1305031226.5033 1.3422 0.7058 1.6145 -0.6760 -0.5007 0.0374 0.5393
1305031226.5133 1.3413 0.7064 1.6151 -0.6735 -0.5016 0.0315 0.5420
1305031226.5433 1.3423 0.7078 1.6147 -0.6735 -0.4969 0.0195 0.5469
1305031226.5533 1.3423 0.7082 1.6146 -0.6723 -0.4957 0.0169 0.5496
1305031226.5633 1.3425 0.7086 1.6147 -0.6715 -0.4944 0.0147 0.5517
1305031226.5733 1.3429 0.7088 1.6144 -0.6718 -0.4924 0.0131 0.5533
1305031226.5933 1.3433 0.7091 1.6145 -0.6717 -0.4911 0.0092 0.5545
1305031226.6033 1.3431 0.7094 1.6144 -0.6710 -0.4913 0.0086 0.5553
1305031226.6133 1.3431 0.7096 1.6143 -0.6705 -0.4909 0.0083 0.5562
1305031226.6233 1.3430 0.7097 1.6144 -0.6702 -0.4909 0.0073 0.5567
1305031226.6333 1.3431 0.7099 1.6144 -0.6697 -0.4904 0.0066 0.5576
1305031226.6433 1.3429 0.7101 1.6145 -0.6687 -0.4905 0.0054 0.5587
1305031226.6533 1.3429 0.7104 1.6145 -0.6684 -0.4898 0.0043 0.5597
1305031226.6633 1.3431 0.7107 1.6144 -0.6688 -0.4891 0.0024 0.5599
1305031226.6733 1.3433 0.7109 1.6143 -0.6697 -0.4884 0.0006 0.5594
1305031226.6833 1.3436 0.7113 1.6140 -0.6708 -0.4875 -0.0014 0.5590
1305031226.6933 1.3437 0.7114 1.6142 -0.6714 -0.4869 -0.0040 0.5587
1305031226.7033 1.3441 0.7116 1.6141 -0.6716 -0.4860 -0.0059 0.5593
1305031226.7133 1.3441 0.7118 1.6142 -0.6709 -0.4854 -0.0072 0.5606
1305031226.7233 1.3441 0.7120 1.6143 -0.6701 -0.4851 -0.0084 0.5618
1305031226.7332 1.3440 0.7121 1.6142 -0.6693 -0.4850 -0.0095 0.5628
1305031226.7433 1.3439 0.7122 1.6141 -0.6691 -0.4853 -0.0098 0.5628
1305031226.7533 1.3440 0.7122 1.6139 -0.6697 -0.4863 -0.0090 0.5612
1305031226.7632 1.3436 0.7124 1.6135 -0.6699 -0.4884 -0.0060 0.5591
1305031226.7733 1.3433 0.7129 1.6122 -0.6711 -0.4896 0.0018 0.5567
1305031226.7833 1.3433 0.7128 1.6121 -0.6741 -0.4921 0.0051 0.5509
1305031226.7932 1.3424 0.7128 1.6119 -0.6758 -0.4960 0.0109 0.5451
1305031226.8133 1.3412 0.7127 1.6110 -0.6801 -0.5018 0.0270 0.5337
1305031226.8232 1.3411 0.7125 1.6101 -0.6833 -0.5026 0.0363 0.5283
1305031226.8332 1.3404 0.7123 1.6097 -0.6854 -0.5050 0.0447 0.5226
1305031226.8433 1.3398 0.7123 1.6090 -0.6859 -0.5075 0.0548 0.5187
1305031226.8533 1.3390 0.7122 1.6084 -0.6862 -0.5115 0.0641 0.5132
1305031226.8633 1.3383 0.7118 1.6075 -0.6873 -0.5162 0.0730 0.5058
1305031226.8732 1.3378 0.7117 1.6066 0.6878 0.5209 -0.0824 -0.4989
1305031226.8833 1.3370 0.7116 1.6060 0.6877 0.5253 -0.0909 -0.4928
1305031226.8932 1.3368 0.7114 1.6053 0.6889 0.5280 -0.0981 -0.4869
1305031226.9032 1.3362 0.7112 1.6045 0.6901 0.5290 -0.1047 -0.4827
1305031226.9132 1.3357 0.7113 1.6040 0.6914 0.5298 -0.1105 -0.4787
1305031226.9232 1.3353 0.7110 1.6033 0.6934 0.5302 -0.1152 -0.4742
1305031226.9332 1.3348 0.7107 1.6026 0.6947 0.5315 -0.1196 -0.4697
1305031226.9432 1.3341 0.7105 1.6017 0.6947 0.5338 -0.1261 -0.4654
1305031226.9533 1.3335 0.7101 1.6008 0.6945 0.5373 -0.1331 -0.4597
1305031226.9632 1.3328 0.7096 1.5999 0.6949 0.5424 -0.1395 -0.4510
1305031226.9732 1.3318 0.7093 1.5987 0.6940 0.5460 -0.1482 -0.4453
1305031226.9832 1.3312 0.7088 1.5977 0.6936 0.5492 -0.1562 -0.4392
1305031226.9932 1.3305 0.7085 1.5967 0.6930 0.5506 -0.1654 -0.4350
1305031227.0032 1.3301 0.7080 1.5958 0.6946 0.5518 -0.1709 -0.4288
1305031227.0132 1.3294 0.7075 1.5948 0.6959 0.5530 -0.1763 -0.4229
1305031227.0233 1.3288 0.7070 1.5938 0.6970 0.5545 -0.1827 -0.4163
1305031227.0332 1.3281 0.7064 1.5926 0.6974 0.5569 -0.1892 -0.4097
1305031227.0432 1.3275 0.7057 1.5916 0.6971 0.5601 -0.1962 -0.4022
1305031227.0532 1.3268 0.7049 1.5905 0.6968 0.5638 -0.2040 -0.3938
1305031227.0632 1.3262 0.7041 1.5894 0.6960 0.5673 -0.2124 -0.3856
1305031227.0732 1.3253 0.7033 1.5884 0.6952 0.5702 -0.2215 -0.3775
1305031227.0832 1.3248 0.7024 1.5873 0.6951 0.5723 -0.2296 -0.3695
1305031227.0932 1.3241 0.7017 1.5864 0.6951 0.5740 -0.2382 -0.3615
1305031227.1032 1.3234 0.7007 1.5857 0.6948 0.5747 -0.2468 -0.3550
1305031227.1132 1.3229 0.7001 1.5851 0.6947 0.5761 -0.2543 -0.3476
1305031227.1232 1.3226 0.6993 1.5844 0.6944 0.5772 -0.2616 -0.3408
1305031227.1332 1.3222 0.6985 1.5839 0.6943 0.5790 -0.2678 -0.3332
1305031227.1432 1.3216 0.6978 1.5832 0.6934 0.5803 -0.2750 -0.3268
1305031227.1533 1.3211 0.6970 1.5827 0.6923 0.5814 -0.2821 -0.3209
1305031227.1632 1.3206 0.6962 1.5822 0.6910 0.5833 -0.2886 -0.3148
1305031227.1732 1.3204 0.6954 1.5815 0.6903 0.5850 -0.2941 -0.3077
1305031227.1832 1.3203 0.6945 1.5813 0.6897 0.5867 -0.2992 -0.3011
1305031227.1932 1.3194 0.6938 1.5809 0.6877 0.5876 -0.3060 -0.2969
1305031227.2032 1.3190 0.6933 1.5806 0.6861 0.5881 -0.3119 -0.2935
1305031227.2132 1.3194 0.6926 1.5807 0.6859 0.5889 -0.3147 -0.2894
1305031227.2232 1.3190 0.6920 1.5805 0.6844 0.5893 -0.3194 -0.2869
1305031227.2332 1.3186 0.6913 1.5803 0.6826 0.5903 -0.3234 -0.2845
1305031227.2432 1.3186 0.6907 1.5802 0.6815 0.5913 -0.3258 -0.2824
1305031227.2532 1.3184 0.6903 1.5799 0.6807 0.5928 -0.3274 -0.2796
1305031227.2632 1.3182 0.6896 1.5796 0.6796 0.5948 -0.3285 -0.2764
1305031227.2733 1.3182 0.6891 1.5794 0.6793 0.5961 -0.3288 -0.2739
1305031227.2832 1.3177 0.6884 1.5792 0.6776 0.5983 -0.3305 -0.2715
1305031227.2932 1.3173 0.6876 1.5790 0.6762 0.5998 -0.3324 -0.2694
1305031227.3033 1.3169 0.6870 1.5789 0.6748 0.6007 -0.3345 -0.2681
1305031227.3132 1.3167 0.6863 1.5789 0.6734 0.6027 -0.3356 -0.2659
1305031227.3232 1.3161 0.6855 1.5787 0.6716 0.6042 -0.3382 -0.2637
1305031227.3332 1.3153 0.6851 1.5789 0.6692 0.6071 -0.3392 -0.2618
1305031227.3433 1.3153 0.6840 1.5788 0.6677 0.6096 -0.3406 -0.2579
1305031227.3532 1.3152 0.6828 1.5786 0.6659 0.6116 -0.3432 -0.2543
1305031227.3632 1.3150 0.6816 1.5784 0.6641 0.6135 -0.3463 -0.2502
1305031227.3733 1.3149 0.6804 1.5783 0.6622 0.6161 -0.3490 -0.2452
1305031227.3832 1.3147 0.6790 1.5784 0.6602 0.6187 -0.3521 -0.2396
1305031227.3932 1.3134 0.6773 1.5773 0.6567 0.6190 -0.3610 -0.2350
1305031227.4032 1.3132 0.6758 1.5771 0.6552 0.6210 -0.3647 -0.2282
1305031227.4132 1.3126 0.6742 1.5768 0.6524 0.6233 -0.3701 -0.2213
1305031227.4232 1.3125 0.6725 1.5767 0.6500 0.6254 -0.3746 -0.2146
1305031227.4332 1.3122 0.6706 1.5767 0.6468 0.6278 -0.3797 -0.2082
1305031227.4432 1.3119 0.6691 1.5766 0.6428 0.6299 -0.3862 -0.2021
1305031227.4532 1.3115 0.6671 1.5766 0.6388 0.6325 -0.3921 -0.1953
1305031227.4632 1.3114 0.6653 1.5765 0.6349 0.6344 -0.3986 -0.1885
1305031227.4732 1.3112 0.6633 1.5765 0.6307 0.6359 -0.4062 -0.1814
1305031227.4832 1.3110 0.6615 1.5765 0.6266 0.6379 -0.4127 -0.1736
1305031227.4932 1.3107 0.6595 1.5763 0.6226 0.6393 -0.4201 -0.1652
1305031227.5032 1.3108 0.6576 1.5764 0.6190 0.6415 -0.4253 -0.1562
1305031227.5132 1.3108 0.6555 1.5764 0.6150 0.6433 -0.4315 -0.1474
1305031227.5232 1.3105 0.6533 1.5762 0.6103 0.6447 -0.4388 -0.1388
1305031227.5332 1.3103 0.6512 1.5762 0.6056 0.6463 -0.4455 -0.1308
1305031227.5432 1.3103 0.6497 1.5762 0.6003 0.6482 -0.4520 -0.1235
1305031227.5533 1.3103 0.6473 1.5763 0.5952 0.6489 -0.4593 -0.1165
1305031227.5632 1.3104 0.6454 1.5766 0.5904 0.6510 -0.4647 -0.1082
1305031227.5732 1.3105 0.6435 1.5766 0.5856 0.6527 -0.4700 -0.1006
1305031227.5832 1.3105 0.6416 1.5765 0.5807 0.6531 -0.4769 -0.0935
1305031227.5932 1.3105 0.6399 1.5766 0.5765 0.6535 -0.4828 -0.0863
1305031227.6032 1.3103 0.6382 1.5766 0.5723 0.6540 -0.4884 -0.0791
1305031227.6132 1.3103 0.6364 1.5769 0.5684 0.6546 -0.4932 -0.0716
1305031227.6232 1.3103 0.6350 1.5771 0.5647 0.6555 -0.4974 -0.0638
1305031227.6332 1.3104 0.6334 1.5772 0.5612 0.6554 -0.5022 -0.0569
1305031227.6432 1.3104 0.6318 1.5772 0.5576 0.6554 -0.5069 -0.0507
1305031227.6532 1.3105 0.6308 1.5774 0.5544 0.6563 -0.5098 -0.0449
1305031227.6632 1.3104 0.6294 1.5775 0.5511 0.6561 -0.5140 -0.0399
1305031227.6732 1.3103 0.6281 1.5776 0.5479 0.6565 -0.5173 -0.0346
1305031227.6832 1.3103 0.6271 1.5777 0.5451 0.6575 -0.5194 -0.0300
1305031227.6932 1.3103 0.6259 1.5778 0.5422 0.6578 -0.5221 -0.0253
1305031227.7032 1.3101 0.6249 1.5779 0.5398 0.6581 -0.5244 -0.0220
1305031227.7132 1.3101 0.6239 1.5779 0.5377 0.6582 -0.5266 -0.0184
1305031227.7233 1.3100 0.6231 1.5781 0.5355 0.6587 -0.5283 -0.0148
1305031227.7332 1.3100 0.6222 1.5783 0.5339 0.6587 -0.5300 -0.0119
1305031227.7432 1.3100 0.6214 1.5784 0.5319 0.6588 -0.5320 -0.0086
1305031227.7532 1.3098 0.6206 1.5785 0.5298 0.6593 -0.5336 -0.0056
1305031227.7632 1.3096 0.6197 1.5785 0.5284 0.6588 -0.5355 -0.0028
1305031227.7732 1.3096 0.6189 1.5786 0.5270 0.6589 -0.5367 0.0003
1305031227.7833 1.3096 0.6182 1.5787 0.5255 0.6597 -0.5372 0.0039
1305031227.7932 1.3094 0.6175 1.5787 0.5239 0.6600 -0.5384 0.0066
1305031227.8031 1.3094 0.6168 1.5788 0.5224 0.6607 -0.5390 0.0096
1305031227.8132 1.3095 0.6162 1.5788 0.5209 0.6613 -0.5396 0.0123
1305031227.8232 1.3092 0.6154 1.5788 0.5188 0.6615 -0.5414 0.0144
1305031227.8333 1.3093 0.6148 1.5788 0.5174 0.6617 -0.5424 0.0170
1305031227.8432 1.3092 0.6142 1.5790 0.5155 0.6619 -0.5439 0.0193
1305031227.8532 1.3089 0.6136 1.5791 0.5134 0.6617 -0.5460 0.0216
1305031227.8633 1.3091 0.6130 1.5791 0.5120 0.6616 -0.5474 0.0248
1305031227.8732 1.3090 0.6123 1.5791 0.5103 0.6615 -0.5489 0.0276
1305031227.8833 1.3088 0.6119 1.5791 0.5088 0.6612 -0.5506 0.0295
1305031227.8932 1.3088 0.6113 1.5790 0.5079 0.6607 -0.5518 0.0317
1305031227.9032 1.3088 0.6107 1.5790 0.5070 0.6605 -0.5527 0.0333
1305031227.9132 1.3087 0.6104 1.5790 0.5062 0.6607 -0.5533 0.0342
1305031227.9232 1.3086 0.6100 1.5790 0.5054 0.6608 -0.5538 0.0346
1305031227.9332 1.3085 0.6097 1.5789 0.5049 0.6608 -0.5543 0.0344
1305031227.9433 1.3084 0.6094 1.5788 0.5043 0.6610 -0.5546 0.0343
1305031227.9533 1.3083 0.6091 1.5787 0.5036 0.6616 -0.5545 0.0345
1305031227.9632 1.3082 0.6088 1.5786 0.5032 0.6620 -0.5544 0.0343
1305031227.9733 1.3081 0.6087 1.5785 0.5029 0.6623 -0.5543 0.0341
1305031227.9832 1.3080 0.6086 1.5784 0.5030 0.6625 -0.5541 0.0336
1305031227.9932 1.3079 0.6087 1.5784 0.5032 0.6627 -0.5537 0.0331
1305031228.0032 1.3076 0.6087 1.5783 0.5040 0.6624 -0.5533 0.0319
1305031228.0132 1.3073 0.6088 1.5781 0.5052 0.6625 -0.5522 0.0305
1305031228.0233 1.3072 0.6091 1.5781 0.5066 0.6640 -0.5491 0.0301
1305031228.0332 1.3069 0.6091 1.5779 0.5082 0.6637 -0.5482 0.0282
1305031228.0432 1.3067 0.6095 1.5777 0.5098 0.6641 -0.5462 0.0264
1305031228.0532 1.3064 0.6096 1.5775 0.5117 0.6641 -0.5445 0.0242
1305031228.0632 1.3061 0.6098 1.5771 0.5134 0.6636 -0.5437 0.0215
1305031228.0732 1.3058 0.6102 1.5770 0.5154 0.6642 -0.5412 0.0189
1305031228.0832 1.3055 0.6108 1.5768 0.5174 0.6645 -0.5390 0.0158
1305031228.0932 1.3052 0.6111 1.5766 0.5198 0.6640 -0.5374 0.0121
1305031228.1032 1.3046 0.6115 1.5763 0.5219 0.6640 -0.5354 0.0080
1305031228.1132 1.3044 0.6121 1.5761 0.5246 0.6645 -0.5322 0.0046
1305031228.1232 1.3039 0.6125 1.5758 0.5271 0.6639 -0.5304 0.0005
1305031228.1345 1.3038 0.6130 1.5756 0.5297 0.6644 -0.5272 -0.0029
1305031228.1432 1.3037 0.6139 1.5754 0.5327 0.6650 -0.5234 -0.0061
1305031228.1532 1.3031 0.6146 1.5751 0.5358 0.6643 -0.5210 -0.0110
1305031228.1632 1.3029 0.6152 1.5751 0.5390 0.6651 -0.5167 -0.0147
1305031228.1732 1.3025 0.6159 1.5747 0.5425 0.6647 -0.5133 -0.0199
1305031228.1832 1.3020 0.6168 1.5744 0.5459 0.6641 -0.5102 -0.0257
1305031228.1932 1.3017 0.6175 1.5740 0.5494 0.6639 -0.5063 -0.0309
1305031228.2032 1.3013 0.6183 1.5736 0.5534 0.6634 -0.5023 -0.0367
1305031228.2132 1.3009 0.6190 1.5733 0.5567 0.6635 -0.4981 -0.0421
1305031228.2232 1.3006 0.6200 1.5732 0.5611 0.6636 -0.4925 -0.0473
1305031228.2332 1.3003 0.6208 1.5728 0.5651 0.6627 -0.4884 -0.0532
1305031228.2432 1.2998 0.6219 1.5724 0.5691 0.6628 -0.4831 -0.0590
1305031228.2532 1.2995 0.6228 1.5720 0.5730 0.6628 -0.4776 -0.0651
1305031228.2632 1.2991 0.6238 1.5717 0.5767 0.6631 -0.4718 -0.0717
1305031228.2732 1.2987 0.6248 1.5713 0.5805 0.6626 -0.4665 -0.0792
1305031228.2832 1.2984 0.6258 1.5708 0.5842 0.6628 -0.4604 -0.0860
1305031228.2932 1.2980 0.6267 1.5703 0.5881 0.6621 -0.4549 -0.0938
1305031228.3032 1.2977 0.6278 1.5700 0.5915 0.6626 -0.4483 -0.1004
1305031228.3132 1.2973 0.6286 1.5693 0.5944 0.6625 -0.4431 -0.1072
1305031228.3232 1.2969 0.6295 1.5689 0.5978 0.6625 -0.4368 -0.1135
1305031228.3332 1.2966 0.6304 1.5686 0.6015 0.6624 -0.4302 -0.1201
1305031228.3432 1.2963 0.6314 1.5680 0.6057 0.6620 -0.4230 -0.1266
1305031228.3532 1.2962 0.6327 1.5676 0.6105 0.6619 -0.4142 -0.1328
1305031228.3632 1.2957 0.6335 1.5667 0.6143 0.6611 -0.4076 -0.1395
1305031228.3732 1.2957 0.6347 1.5662 0.6183 0.6610 -0.3992 -0.1467
1305031228.3832 1.2954 0.6356 1.5657 0.6220 0.6615 -0.3902 -0.1525
1305031228.3932 1.2951 0.6365 1.5652 0.6247 0.6617 -0.3826 -0.1598
1305031228.4032 1.2948 0.6373 1.5646 0.6276 0.6613 -0.3755 -0.1666
1305031228.4132 1.2948 0.6381 1.5640 0.6302 0.6617 -0.3677 -0.1729
1305031228.4232 1.2946 0.6388 1.5634 0.6327 0.6612 -0.3612 -0.1790
1305031228.4332 1.2943 0.6399 1.5630 0.6356 0.6607 -0.3539 -0.1852
1305031228.4432 1.2942 0.6407 1.5624 0.6389 0.6594 -0.3472 -0.1911
1305031228.4532 1.2945 0.6414 1.5621 0.6436 0.6579 -0.3385 -0.1959
1305031228.4632 1.2941 0.6424 1.5613 0.6455 0.6576 -0.3325 -0.2007
1305031228.4733 1.2940 0.6433 1.5610 0.6486 0.6563 -0.3259 -0.2060
1305031228.4831 1.2938 0.6441 1.5604 0.6511 0.6556 -0.3195 -0.2104
1305031228.4932 1.2939 0.6448 1.5600 0.6531 0.6543 -0.3147 -0.2150
1305031228.5032 1.2940 0.6456 1.5599 0.6554 0.6539 -0.3082 -0.2191
1305031228.5132 1.2937 0.6465 1.5595 0.6570 0.6527 -0.3034 -0.2240
1305031228.5232 1.2932 0.6471 1.5591 0.6590 0.6512 -0.2990 -0.2288
1305031228.5331 1.2933 0.6479 1.5589 0.6614 0.6499 -0.2930 -0.2330
1305031228.5432 1.2929 0.6487 1.5584 0.6632 0.6477 -0.2895 -0.2386
1305031228.5532 1.2929 0.6495 1.5580 0.6655 0.6469 -0.2830 -0.2419
1305031228.5632 1.2937 0.6508 1.5581 0.6686 0.6457 -0.2753 -0.2456
1305031228.5732 1.2933 0.6515 1.5581 0.6703 0.6442 -0.2698 -0.2507
1305031228.5832 1.2931 0.6525 1.5581 0.6717 0.6427 -0.2650 -0.2560
1305031228.5932 1.2933 0.6534 1.5582 0.6734 0.6411 -0.2593 -0.2612
1305031228.6032 1.2930 0.6543 1.5583 0.6741 0.6391 -0.2552 -0.2685
1305031228.6132 1.2934 0.6553 1.5586 0.6758 0.6369 -0.2497 -0.2745
1305031228.6232 1.2938 0.6561 1.5590 0.6769 0.6364 -0.2439 -0.2779
1305031228.6331 1.2939 0.6569 1.5591 0.6779 0.6347 -0.2394 -0.2834
1305031228.6432 1.2941 0.6578 1.5593 0.6790 0.6329 -0.2345 -0.2887
1305031228.6532 1.2940 0.6587 1.5595 0.6797 0.6315 -0.2301 -0.2938
1305031228.6632 1.2938 0.6595 1.5597 0.6797 0.6302 -0.2267 -0.2991
1305031228.6732 1.2942 0.6603 1.5601 0.6808 0.6285 -0.2222 -0.3036
1305031228.6831 1.2948 0.6612 1.5603 0.6830 0.6262 -0.2167 -0.3072
1305031228.6932 1.2950 0.6619 1.5607 0.6839 0.6249 -0.2121 -0.3112
1305031228.7032 1.2948 0.6627 1.5609 0.6839 0.6234 -0.2092 -0.3162
1305031228.7132 1.2953 0.6636 1.5613 0.6852 0.6207 -0.2044 -0.3216
1305031228.7233 1.2952 0.6646 1.5616 0.6855 0.6186 -0.2002 -0.3276
1305031228.7341 1.2959 0.6656 1.5620 0.6874 0.6160 -0.1931 -0.3328
1305031228.7432 1.2962 0.6665 1.5624 0.6887 0.6135 -0.1868 -0.3383
1305031228.7532 1.2964 0.6674 1.5627 0.6899 0.6109 -0.1806 -0.3438
1305031228.7632 1.2963 0.6685 1.5629 0.6905 0.6088 -0.1740 -0.3499
1305031228.7732 1.2965 0.6694 1.5632 0.6918 0.6062 -0.1671 -0.3550
1305031228.7832 1.2967 0.6704 1.5637 0.6927 0.6035 -0.1602 -0.3610
1305031228.7932 1.2972 0.6713 1.5641 0.6936 0.6008 -0.1534 -0.3665
1305031228.8032 1.2982 0.6723 1.5646 0.6951 0.5971 -0.1458 -0.3730
1305031228.8132 1.2988 0.6734 1.5652 0.6960 0.5931 -0.1388 -0.3802
1305031228.8232 1.2992 0.6743 1.5659 0.6968 0.5902 -0.1308 -0.3861
1305031228.8332 1.2992 0.6751 1.5661 0.6969 0.5879 -0.1233 -0.3918
1305031228.8432 1.2998 0.6759 1.5667 0.6979 0.5851 -0.1149 -0.3968
1305031228.8532 1.3003 0.6764 1.5669 0.6986 0.5818 -0.1077 -0.4022
1305031228.8632 1.3002 0.6772 1.5671 0.6981 0.5799 -0.1013 -0.4076
1305031228.8732 1.3002 0.6778 1.5677 0.6981 0.5773 -0.0945 -0.4128
1305031228.8832 1.3008 0.6784 1.5680 0.6991 0.5745 -0.0880 -0.4165
1305031228.8932 1.3011 0.6792 1.5683 0.6992 0.5714 -0.0823 -0.4216
1305031228.9032 1.3013 0.6800 1.5686 0.6991 0.5683 -0.0773 -0.4270
1305031228.9132 1.3016 0.6805 1.5690 0.6991 0.5661 -0.0709 -0.4311
1305031228.9232 1.3020 0.6811 1.5694 0.6990 0.5627 -0.0653 -0.4364
1305031228.9331 1.3019 0.6815 1.5700 0.6980 0.5600 -0.0597 -0.4423
1305031228.9433 1.3025 0.6820 1.5705 0.6976 0.5579 -0.0538 -0.4464
1305031228.9532 1.3026 0.6824 1.5711 0.6958 0.5559 -0.0490 -0.4521
1305031228.9632 1.3027 0.6830 1.5715 0.6940 0.5541 -0.0444 -0.4576
1305031228.9732 1.3030 0.6833 1.5721 0.6927 0.5535 -0.0382 -0.4608
1305031228.9832 1.3034 0.6836 1.5724 0.6920 0.5508 -0.0333 -0.4655
1305031228.9932 1.3037 0.6837 1.5730 0.6909 0.5487 -0.0279 -0.4699
1305031229.0032 1.3037 0.6842 1.5735 0.6888 0.5467 -0.0235 -0.4755
1305031229.0132 1.3043 0.6844 1.5740 0.6887 0.5445 -0.0171 -0.4785
1305031229.0232 1.3046 0.6850 1.5744 0.6870 0.5420 -0.0122 -0.4839
1305031229.0331 1.3047 0.6853 1.5750 0.6853 0.5405 -0.0074 -0.4881
1305031229.0433 1.3049 0.6849 1.5752 0.6847 0.5380 -0.0013 -0.4917
1305031229.0532 1.3051 0.6851 1.5758 0.6830 0.5369 0.0035 -0.4953
1305031229.0632 1.3053 0.6852 1.5764 0.6819 0.5356 0.0092 -0.4981
1305031229.0732 1.3055 0.6853 1.5769 -0.6806 -0.5347 -0.0140 0.5007
1305031229.0832 1.3057 0.6853 1.5775 -0.6795 -0.5331 -0.0186 0.5037
1305031229.0932 1.3058 0.6855 1.5778 -0.6779 -0.5319 -0.0215 0.5070
1305031229.1032 1.3064 0.6856 1.5784 -0.6766 -0.5301 -0.0252 0.5105
1305031229.1132 1.3064 0.6857 1.5789 -0.6747 -0.5288 -0.0287 0.5141
1305031229.1232 1.3068 0.6856 1.5793 -0.6735 -0.5275 -0.0325 0.5167
1305031229.1332 1.3069 0.6857 1.5799 -0.6722 -0.5260 -0.0362 0.5198
1305031229.1432 1.3068 0.6858 1.5804 -0.6704 -0.5250 -0.0398 0.5228
1305031229.1532 1.3071 0.6859 1.5808 -0.6690 -0.5240 -0.0432 0.5255
1305031229.1631 1.3070 0.6859 1.5812 -0.6672 -0.5223 -0.0462 0.5290
1305031229.1732 1.3068 0.6862 1.5817 -0.6652 -0.5215 -0.0485 0.5321
1305031229.1831 1.3073 0.6865 1.5822 -0.6649 -0.5196 -0.0522 0.5341
1305031229.1931 1.3074 0.6865 1.5826 -0.6644 -0.5182 -0.0560 0.5357
1305031229.2031 1.3074 0.6868 1.5828 -0.6633 -0.5170 -0.0585 0.5379
1305031229.2132 1.3076 0.6870 1.5833 -0.6632 -0.5160 -0.0620 0.5386
1305031229.2232 1.3076 0.6872 1.5835 -0.6626 -0.5152 -0.0640 0.5398
1305031229.2332 1.3077 0.6873 1.5838 -0.6618 -0.5148 -0.0656 0.5410
1305031229.2432 1.3076 0.6876 1.5843 -0.6605 -0.5143 -0.0668 0.5430
1305031229.2532 1.3076 0.6879 1.5845 -0.6592 -0.5139 -0.0670 0.5449
1305031229.2632 1.3076 0.6880 1.5848 -0.6587 -0.5132 -0.0676 0.5460
1305031229.2732 1.3078 0.6881 1.5851 -0.6589 -0.5127 -0.0688 0.5461
1305031229.2832 1.3078 0.6882 1.5852 -0.6594 -0.5122 -0.0695 0.5458
1305031229.2932 1.3076 0.6885 1.5853 -0.6592 -0.5120 -0.0694 0.5464
1305031229.3032 1.3079 0.6887 1.5853 -0.6605 -0.5115 -0.0700 0.5451
1305031229.3132 1.3080 0.6890 1.5852 -0.6612 -0.5114 -0.0702 0.5443
1305031229.3231 1.3080 0.6892 1.5852 -0.6611 -0.5116 -0.0696 0.5444
1305031229.3331 1.3079 0.6893 1.5853 -0.6606 -0.5119 -0.0688 0.5449
1305031229.3432 1.3077 0.6894 1.5852 -0.6604 -0.5122 -0.0682 0.5448
1305031229.3531 1.3076 0.6895 1.5850 -0.6607 -0.5129 -0.0675 0.5439
1305031229.3631 1.3073 0.6896 1.5846 -0.6608 -0.5139 -0.0659 0.5430
1305031229.3731 1.3069 0.6896 1.5842 -0.6614 -0.5156 -0.0638 0.5411
1305031229.3832 1.3067 0.6896 1.5838 -0.6620 -0.5178 -0.0605 0.5385
1305031229.3931 1.3062 0.6895 1.5835 -0.6626 -0.5197 -0.0566 0.5364
1305031229.4031 1.3059 0.6894 1.5831 -0.6639 -0.5212 -0.0524 0.5338
1305031229.4133 1.3058 0.6892 1.5826 -0.6660 -0.5220 -0.0494 0.5306
1305031229.4232 1.3054 0.6895 1.5820 -0.6677 -0.5233 -0.0452 0.5276
1305031229.4331 1.3049 0.6891 1.5814 -0.6698 -0.5253 -0.0414 0.5232
1305031229.4432 1.3042 0.6891 1.5805 -0.6707 -0.5283 -0.0348 0.5195
1305031229.4532 1.3038 0.6889 1.5798 -0.6720 -0.5325 -0.0288 0.5138
1305031229.4632 1.3030 0.6886 1.5790 -0.6729 -0.5365 -0.0210 0.5089
1305031229.4732 1.3027 0.6884 1.5783 -0.6735 -0.5401 -0.0134 0.5044
1305031229.4832 1.3018 0.6884 1.5777 -0.6742 -0.5430 -0.0067 0.5005
1305031229.4932 1.3013 0.6883 1.5771 0.6760 0.5445 0.0019 -0.4966
1305031229.5032 1.3014 0.6882 1.5761 0.6792 0.5444 -0.0022 -0.4921
1305031229.5132 1.3005 0.6887 1.5756 0.6795 0.5457 -0.0077 -0.4904
1305031229.5232 1.3001 0.6882 1.5745 0.6818 0.5482 -0.0115 -0.4843
1305031229.5332 1.2989 0.6880 1.5734 0.6817 0.5533 -0.0180 -0.4784
1305031229.5432 1.2987 0.6876 1.5724 0.6836 0.5580 -0.0242 -0.4699
1305031229.5532 1.2982 0.6874 1.5713 0.6843 0.5621 -0.0321 -0.4634
1305031229.5632 1.2978 0.6868 1.5707 0.6854 0.5650 -0.0392 -0.4576
1305031229.5732 1.2965 0.6866 1.5700 0.6849 0.5663 -0.0467 -0.4561
1305031229.5832 1.2966 0.6863 1.5693 0.6872 0.5664 -0.0508 -0.4520
1305031229.5932 1.2967 0.6861 1.5686 0.6895 0.5667 -0.0532 -0.4479
1305031229.6032 1.2956 0.6860 1.5678 0.6893 0.5690 -0.0566 -0.4450
1305031229.6131 1.2953 0.6856 1.5668 0.6898 0.5709 -0.0601 -0.4411
1305031229.6232 1.2951 0.6851 1.5658 0.6911 0.5738 -0.0626 -0.4350
1305031229.6332 1.2944 0.6848 1.5650 0.6901 0.5770 -0.0682 -0.4315
1305031229.6432 1.2938 0.6844 1.5642 0.6894 0.5790 -0.0734 -0.4291
1305031229.6532 1.2937 0.6839 1.5637 0.6902 0.5796 -0.0770 -0.4264
1305031229.6632 1.2936 0.6835 1.5632 0.6914 0.5800 -0.0785 -0.4235
1305031229.6731 1.2933 0.6832 1.5624 0.6924 0.5801 -0.0805 -0.4214
1305031229.6832 1.2926 0.6827 1.5620 0.6916 0.5820 -0.0825 -0.4197
1305031229.6932 1.2922 0.6823 1.5614 0.6907 0.5831 -0.0859 -0.4190
1305031229.7031 1.2915 0.6816 1.5606 0.6900 0.5861 -0.0897 -0.4152
1305031229.7132 1.2915 0.6810 1.5599 0.6908 0.5881 -0.0931 -0.4102
1305031229.7232 1.2911 0.6805 1.5594 0.6905 0.5905 -0.0980 -0.4062
1305031229.7331 1.2904 0.6799 1.5587 0.6904 0.5921 -0.1036 -0.4026
1305031229.7432 1.2904 0.6794 1.5583 0.6916 0.5924 -0.1076 -0.3990
1305031229.7533 1.2901 0.6789 1.5578 0.6922 0.5930 -0.1115 -0.3961
1305031229.7633 1.2900 0.6782 1.5574 0.6931 0.5938 -0.1149 -0.3922
1305031229.7732 1.2896 0.6776 1.5569 0.6931 0.5949 -0.1186 -0.3895
1305031229.7832 1.2888 0.6770 1.5564 0.6925 0.5964 -0.1228 -0.3869
1305031229.7932 1.2888 0.6768 1.5560 0.6921 0.5970 -0.1286 -0.3849
1305031229.8031 1.2881 0.6761 1.5557 0.6915 0.5992 -0.1335 -0.3808
1305031229.8131 1.2877 0.6757 1.5552 0.6910 0.6005 -0.1400 -0.3772
1305031229.8232 1.2879 0.6750 1.5548 0.6923 0.6012 -0.1440 -0.3721
1305031229.8332 1.2876 0.6743 1.5545 0.6929 0.6025 -0.1486 -0.3672
1305031229.8432 1.2870 0.6736 1.5541 0.6928 0.6040 -0.1536 -0.3627
1305031229.8532 1.2871 0.6728 1.5539 0.6937 0.6045 -0.1579 -0.3583
1305031229.8631 1.2866 0.6722 1.5535 0.6931 0.6056 -0.1629 -0.3554
1305031229.8731 1.2860 0.6715 1.5533 0.6918 0.6076 -0.1688 -0.3518
1305031229.8832 1.2858 0.6708 1.5530 0.6915 0.6089 -0.1735 -0.3478
1305031229.8932 1.2853 0.6698 1.5528 0.6906 0.6106 -0.1790 -0.3438
1305031229.9032 1.2849 0.6691 1.5525 0.6902 0.6121 -0.1844 -0.3391
1305031229.9136 1.2842 0.6681 1.5521 0.6890 0.6144 -0.1907 -0.3338
1305031229.9232 1.2843 0.6674 1.5518 0.6892 0.6154 -0.1956 -0.3285
1305031229.9337 1.2841 0.6666 1.5516 0.6891 0.6164 -0.2007 -0.3239
1305031229.9431 1.2836 0.6658 1.5515 0.6883 0.6182 -0.2058 -0.3189
1305031229.9531 1.2831 0.6648 1.5512 0.6880 0.6185 -0.2112 -0.3155
1305031229.9632 1.2830 0.6641 1.5510 0.6876 0.6192 -0.2158 -0.3118
1305031229.9731 1.2826 0.6633 1.5508 0.6866 0.6207 -0.2203 -0.3079
1305031229.9832 1.2826 0.6625 1.5507 0.6870 0.6214 -0.2229 -0.3037
1305031229.9932 1.2820 0.6616 1.5504 0.6857 0.6229 -0.2273 -0.3002
1305031230.0031 1.2820 0.6609 1.5505 0.6854 0.6244 -0.2293 -0.2963
1305031230.0131 1.2816 0.6599 1.5502 0.6843 0.6256 -0.2334 -0.2932
1305031230.0232 1.2816 0.6591 1.5502 0.6840 0.6264 -0.2362 -0.2898
1305031230.0331 1.2812 0.6583 1.5501 0.6830 0.6275 -0.2398 -0.2868
1305031230.0431 1.2810 0.6575 1.5500 0.6824 0.6279 -0.2432 -0.2843
1305031230.0531 1.2805 0.6567 1.5501 0.6812 0.6288 -0.2472 -0.2817
1305031230.0632 1.2806 0.6559 1.5501 0.6808 0.6292 -0.2504 -0.2789
1305031230.0732 1.2802 0.6550 1.5499 0.6798 0.6303 -0.2540 -0.2759
1305031230.0832 1.2802 0.6541 1.5499 0.6797 0.6308 -0.2563 -0.2727
1305031230.0931 1.2799 0.6533 1.5500 0.6789 0.6320 -0.2588 -0.2696
1305031230.1031 1.2796 0.6523 1.5498 0.6780 0.6327 -0.2621 -0.2671
1305031230.1131 1.2793 0.6514 1.5498 0.6768 0.6336 -0.2657 -0.2646
1305031230.1232 1.2794 0.6506 1.5497 0.6764 0.6343 -0.2677 -0.2616
1305031230.1331 1.2788 0.6496 1.5495 0.6754 0.6350 -0.2714 -0.2587
1305031230.1431 1.2790 0.6487 1.5496 0.6750 0.6363 -0.2730 -0.2549
1305031230.1532 1.2787 0.6477 1.5494 0.6742 0.6367 -0.2763 -0.2525
1305031230.1632 1.2786 0.6468 1.5494 0.6733 0.6380 -0.2787 -0.2491
1305031230.1731 1.2783 0.6458 1.5492 0.6720 0.6385 -0.2824 -0.2470
1305031230.1834 1.2784 0.6447 1.5491 0.6710 0.6392 -0.2855 -0.2440
1305031230.1931 1.2779 0.6439 1.5490 0.6693 0.6402 -0.2894 -0.2418
1305031230.2031 1.2786 0.6431 1.5492 0.6698 0.6414 -0.2890 -0.2377
1305031230.2131 1.2782 0.6421 1.5491 0.6686 0.6422 -0.2925 -0.2348
1305031230.2232 1.2782 0.6411 1.5490 0.6683 0.6422 -0.2948 -0.2325
1305031230.2331 1.2775 0.6399 1.5488 0.6666 0.6426 -0.2995 -0.2301
1305031230.2431 1.2774 0.6390 1.5488 0.6658 0.6431 -0.3025 -0.2273
1305031230.2531 1.2769 0.6381 1.5488 0.6639 0.6436 -0.3072 -0.2251
1305031230.2633 1.2768 0.6371 1.5486 0.6633 0.6441 -0.3100 -0.2214
1305031230.2731 1.2771 0.6363 1.5486 0.6628 0.6455 -0.3114 -0.2170
1305031230.2832 1.2773 0.6350 1.5481 0.6629 0.6455 -0.3145 -0.2121
1305031230.2932 1.2774 0.6341 1.5482 0.6622 0.6462 -0.3169 -0.2084
1305031230.3032 1.2772 0.6331 1.5483 0.6610 0.6461 -0.3207 -0.2066
1305031230.3132 1.2773 0.6322 1.5485 0.6597 0.6468 -0.3240 -0.2037
1305031230.3232 1.2772 0.6312 1.5485 0.6588 0.6470 -0.3271 -0.2010
1305031230.3331 1.2769 0.6303 1.5486 0.6571 0.6481 -0.3302 -0.1978
1305031230.3432 1.2772 0.6295 1.5486 0.6567 0.6487 -0.3322 -0.1938
1305031230.3532 1.2772 0.6286 1.5487 0.6557 0.6497 -0.3348 -0.1894
1305031230.3631 1.2759 0.6279 1.5483 0.6522 0.6512 -0.3403 -0.1864
1305031230.3731 1.2757 0.6268 1.5480 0.6512 0.6513 -0.3441 -0.1825
1305031230.3832 1.2754 0.6259 1.5479 0.6499 0.6521 -0.3476 -0.1779
1305031230.3931 1.2754 0.6251 1.5478 0.6490 0.6523 -0.3507 -0.1741
1305031230.4031 1.2753 0.6240 1.5477 0.6477 0.6528 -0.3542 -0.1698
1305031230.4131 1.2751 0.6229 1.5477 0.6466 0.6529 -0.3579 -0.1659
1305031230.4231 1.2751 0.6221 1.5477 0.6453 0.6536 -0.3613 -0.1607
1305031230.4331 1.2749 0.6209 1.5475 0.6439 0.6537 -0.3657 -0.1559
1305031230.4432 1.2746 0.6197 1.5473 0.6416 0.6541 -0.3709 -0.1513
1305031230.4532 1.2745 0.6185 1.5472 0.6397 0.6544 -0.3760 -0.1457
1305031230.4631 1.2744 0.6172 1.5471 0.6372 0.6554 -0.3807 -0.1392
1305031230.4731 1.2744 0.6159 1.5471 0.6352 0.6561 -0.3853 -0.1327
1305031230.4844 1.2741 0.6146 1.5468 0.6328 0.6564 -0.3906 -0.1268
1305031230.4931 1.2741 0.6132 1.5467 0.6304 0.6573 -0.3953 -0.1196
1305031230.5031 1.2739 0.6119 1.5465 0.6282 0.6571 -0.4009 -0.1134
1305031230.5131 1.2738 0.6105 1.5466 0.6256 0.6577 -0.4058 -0.1066
1305031230.5232 1.2739 0.6092 1.5465 0.6235 0.6574 -0.4111 -0.1005
1305031230.5331 1.2741 0.6080 1.5468 0.6212 0.6582 -0.4149 -0.0936
1305031230.5432 1.2739 0.6065 1.5467 0.6181 0.6580 -0.4212 -0.0874
1305031230.5532 1.2740 0.6051 1.5467 0.6155 0.6586 -0.4253 -0.0806
1305031230.5631 1.2738 0.6037 1.5466 0.6122 0.6594 -0.4301 -0.0742
1305031230.5732 1.2739 0.6024 1.5466 0.6095 0.6598 -0.4343 -0.0678
1305031230.5832 1.2741 0.6010 1.5466 0.6066 0.6603 -0.4386 -0.0612
1305031230.5931 1.2742 0.5998 1.5466 0.6037 0.6605 -0.4430 -0.0554
1305031230.6031 1.2744 0.5983 1.5468 0.6007 0.6606 -0.4475 -0.0494
1305031230.6131 1.2745 0.5970 1.5468 0.5972 0.6615 -0.4517 -0.0429
1305031230.6232 1.2747 0.5957 1.5466 0.5952 0.6607 -0.4559 -0.0375
1305031230.6332 1.2748 0.5945 1.5467 0.5924 0.6615 -0.4588 -0.0317
1305031230.6432 1.2750 0.5932 1.5466 0.5899 0.6617 -0.4619 -0.0265
1305031230.6532 1.2752 0.5921 1.5466 0.5878 0.6620 -0.4646 -0.0211
1305031230.6631 1.2754 0.5908 1.5465 0.5853 0.6621 -0.4677 -0.0162
1305031230.6731 1.2755 0.5897 1.5465 0.5835 0.6617 -0.4706 -0.0121
1305031230.6832 1.2755 0.5886 1.5466 0.5809 0.6622 -0.4733 -0.0079
1305031230.6932 1.2756 0.5875 1.5466 0.5789 0.6618 -0.4763 -0.0038
1305031230.7031 1.2757 0.5866 1.5467 0.5766 0.6620 -0.4788 0.0008
1305031230.7131 1.2758 0.5856 1.5467 0.5743 0.6620 -0.4816 0.0051
1305031230.7232 1.2761 0.5845 1.5469 0.5718 0.6620 -0.4844 0.0102
1305031230.7331 1.2762 0.5835 1.5469 0.5695 0.6618 -0.4873 0.0146
1305031230.7431 1.2763 0.5826 1.5471 0.5667 0.6621 -0.4900 0.0194
1305031230.7531 1.2765 0.5815 1.5471 0.5642 0.6615 -0.4935 0.0231
1305031230.7631 1.2767 0.5807 1.5475 0.5612 0.6613 -0.4969 0.0281
1305031230.7731 1.2770 0.5795 1.5478 0.5586 0.6605 -0.5006 0.0324
1305031230.7831 1.2771 0.5787 1.5481 0.5556 0.6600 -0.5043 0.0367
1305031230.7931 1.2773 0.5779 1.5486 0.5527 0.6594 -0.5079 0.0406
1305031230.8032 1.2776 0.5771 1.5490 0.5505 0.6582 -0.5116 0.0445
1305031230.8135 1.2779 0.5765 1.5496 0.5475 0.6586 -0.5137 0.0502
1305031230.8231 1.2782 0.5756 1.5499 0.5446 0.6577 -0.5173 0.0556
1305031230.8331 1.2784 0.5749 1.5503 0.5414 0.6574 -0.5206 0.0605
1305031230.8431 1.2788 0.5741 1.5508 0.5380 0.6570 -0.5240 0.0662
1305031230.8531 1.2790 0.5732 1.5513 0.5347 0.6559 -0.5281 0.0706
1305031230.8632 1.2792 0.5723 1.5518 0.5315 0.6544 -0.5326 0.0748
1305031230.8731 1.2795 0.5717 1.5524 0.5280 0.6539 -0.5360 0.0797
1305031230.8835 1.2797 0.5709 1.5529 0.5248 0.6529 -0.5397 0.0843
1305031230.8931 1.2799 0.5704 1.5533 0.5218 0.6521 -0.5428 0.0885
1305031230.9032 1.2801 0.5698 1.5537 0.5187 0.6514 -0.5458 0.0933
1305031230.9132 1.2804 0.5693 1.5542 0.5161 0.6508 -0.5484 0.0969
1305031230.9232 1.2805 0.5687 1.5545 0.5139 0.6497 -0.5512 0.0998
1305031230.9331 1.2806 0.5683 1.5548 0.5116 0.6490 -0.5536 0.1029
1305031230.9431 1.2807 0.5680 1.5552 0.5099 0.6481 -0.5558 0.1052
1305031230.9531 1.2808 0.5676 1.5555 0.5087 0.6472 -0.5576 0.1068
1305031230.9632 1.2808 0.5674 1.5557 0.5076 0.6470 -0.5586 0.1084
1305031230.9732 1.2809 0.5673 1.5559 0.5063 0.6471 -0.5592 0.1104
1305031230.9835 1.2808 0.5670 1.5560 0.5056 0.6463 -0.5605 0.1114
1305031230.9932 1.2807 0.5669 1.5561 0.5051 0.6461 -0.5610 0.1124
1305031231.0031 1.2806 0.5668 1.5562 0.5048 0.6459 -0.5614 0.1132
1305031231.0132 1.2805 0.5667 1.5562 0.5046 0.6458 -0.5617 0.1137
1305031231.0232 1.2804 0.5667 1.5563 0.5044 0.6457 -0.5619 0.1138
1305031231.0331 1.2802 0.5667 1.5563 0.5045 0.6456 -0.5620 0.1135
1305031231.0432 1.2800 0.5668 1.5563 0.5046 0.6455 -0.5621 0.1129
1305031231.0531 1.2798 0.5669 1.5563 0.5048 0.6455 -0.5620 0.1122
1305031231.0631 1.2796 0.5669 1.5562 0.5051 0.6454 -0.5620 0.1116
1305031231.0731 1.2794 0.5670 1.5561 0.5052 0.6457 -0.5617 0.1112
1305031231.0832 1.2793 0.5673 1.5558 0.5045 0.6469 -0.5608 0.1117
1305031231.0932 1.2790 0.5673 1.5556 0.5047 0.6474 -0.5600 0.1118
1305031231.1032 1.2787 0.5673 1.5553 0.5051 0.6474 -0.5598 0.1115
1305031231.1132 1.2784 0.5673 1.5551 0.5055 0.6472 -0.5596 0.1113
1305031231.1232 1.2781 0.5674 1.5550 0.5060 0.6468 -0.5598 0.1108
1305031231.1331 1.2778 0.5675 1.5548 0.5065 0.6465 -0.5597 0.1105
1305031231.1432 1.2776 0.5678 1.5545 0.5070 0.6468 -0.5590 0.1104
1305031231.1532 1.2773 0.5679 1.5542 0.5078 0.6467 -0.5584 0.1097
1305031231.1632 1.2772 0.5684 1.5538 0.5086 0.6473 -0.5572 0.1094
1305031231.1732 1.2768 0.5685 1.5533 0.5098 0.6473 -0.5562 0.1081
1305031231.1832 1.2763 0.5688 1.5528 0.5119 0.6471 -0.5549 0.1061
1305031231.1931 1.2759 0.5693 1.5523 0.5136 0.6479 -0.5527 0.1047
1305031231.2031 1.2756 0.5700 1.5518 0.5159 0.6487 -0.5503 0.1015
1305031231.2131 1.2751 0.5707 1.5513 0.5183 0.6485 -0.5489 0.0975
1305031231.2232 1.2746 0.5715 1.5507 0.5212 0.6484 -0.5470 0.0931
1305031231.2332 1.2741 0.5724 1.5501 0.5242 0.6490 -0.5442 0.0890
1305031231.2432 1.2736 0.5730 1.5494 0.5282 0.6489 -0.5412 0.0835
1305031231.2531 1.2730 0.5740 1.5486 0.5320 0.6497 -0.5373 0.0784
1305031231.2632 1.2725 0.5753 1.5479 0.5362 0.6510 -0.5323 0.0736
1305031231.2731 1.2719 0.5764 1.5471 0.5405 0.6511 -0.5286 0.0673
1305031231.2833 1.2713 0.5777 1.5463 0.5449 0.6516 -0.5242 0.0607
1305031231.2932 1.2709 0.5791 1.5454 0.5491 0.6531 -0.5186 0.0548
1305031231.3031 1.2703 0.5803 1.5446 0.5537 0.6532 -0.5144 0.0470
1305031231.3131 1.2697 0.5815 1.5439 0.5578 0.6544 -0.5089 0.0406
1305031231.3231 1.2692 0.5827 1.5429 0.5616 0.6554 -0.5039 0.0343
1305031231.3331 1.2687 0.5839 1.5421 0.5653 0.6566 -0.4985 0.0278
1305031231.3431 1.2683 0.5852 1.5415 0.5687 0.6582 -0.4929 0.0215
1305031231.3531 1.2680 0.5863 1.5408 0.5719 0.6587 -0.4888 0.0145
1305031231.3631 1.2675 0.5875 1.5399 0.5754 0.6598 -0.4832 0.0086
1305031231.3731 1.2671 0.5886 1.5393 0.5787 0.6601 -0.4789 0.0020
1305031231.3832 1.2666 0.5899 1.5387 0.5820 0.6606 -0.4742 -0.0043
1305031231.3932 1.2662 0.5911 1.5378 0.5854 0.6606 -0.4699 -0.0102
1305031231.4031 1.2659 0.5922 1.5373 0.5888 0.6611 -0.4647 -0.0151
1305031231.4132 1.2658 0.5934 1.5366 0.5916 0.6617 -0.4601 -0.0192
1305031231.4232 1.2657 0.5945 1.5360 0.5949 0.6620 -0.4552 -0.0232
1305031231.4331 1.2654 0.5955 1.5352 0.5974 0.6621 -0.4517 -0.0279
1305031231.4432 1.2653 0.5966 1.5345 0.6002 0.6622 -0.4474 -0.0318
1305031231.4532 1.2650 0.5976 1.5338 0.6027 0.6619 -0.4442 -0.0366
1305031231.4632 1.2649 0.5988 1.5333 0.6052 0.6624 -0.4397 -0.0403
1305031231.4731 1.2647 0.5997 1.5326 0.6074 0.6624 -0.4362 -0.0442
1305031231.4835 1.2646 0.6005 1.5320 0.6098 0.6621 -0.4330 -0.0487
1305031231.4932 1.2644 0.6016 1.5314 0.6120 0.6615 -0.4301 -0.0533
1305031231.5031 1.2643 0.6026 1.5307 0.6143 0.6616 -0.4263 -0.0571
1305031231.5132 1.2643 0.6036 1.5302 0.6166 0.6621 -0.4217 -0.0596
1305031231.5231 1.2642 0.6041 1.5296 0.6184 0.6613 -0.4198 -0.0639
1305031231.5332 1.2639 0.6049 1.5289 0.6203 0.6608 -0.4171 -0.0676
1305031231.5431 1.2640 0.6059 1.5283 0.6222 0.6610 -0.4133 -0.0710
1305031231.5531 1.2640 0.6066 1.5279 0.6237 0.6611 -0.4103 -0.0746
1305031231.5631 1.2641 0.6075 1.5272 0.6258 0.6605 -0.4073 -0.0782
1305031231.5731 1.2643 0.6084 1.5268 0.6275 0.6617 -0.4023 -0.0809
1305031231.5831 1.2643 0.6091 1.5260 0.6295 0.6610 -0.3994 -0.0849
1305031231.5931 1.2643 0.6099 1.5257 0.6311 0.6610 -0.3959 -0.0894
1305031231.6031 1.2645 0.6108 1.5252 0.6329 0.6607 -0.3928 -0.0932
1305031231.6131 1.2645 0.6118 1.5248 0.6344 0.6612 -0.3886 -0.0970
1305031231.6231 1.2647 0.6126 1.5243 0.6359 0.6614 -0.3848 -0.1006
1305031231.6331 1.2647 0.6134 1.5240 0.6373 0.6611 -0.3819 -0.1047
1305031231.6431 1.2647 0.6140 1.5234 0.6388 0.6604 -0.3793 -0.1094
1305031231.6532 1.2649 0.6149 1.5232 0.6401 0.6606 -0.3756 -0.1133
1305031231.6631 1.2649 0.6156 1.5228 0.6414 0.6603 -0.3725 -0.1173
1305031231.6731 1.2652 0.6162 1.5223 0.6430 0.6603 -0.3687 -0.1211
1305031231.6832 1.2656 0.6172 1.5221 0.6447 0.6609 -0.3635 -0.1242
1305031231.6931 1.2655 0.6179 1.5216 0.6458 0.6603 -0.3608 -0.1294
1305031231.7031 1.2660 0.6187 1.5214 0.6474 0.6608 -0.3558 -0.1329
1305031231.7133 1.2659 0.6195 1.5207 0.6486 0.6601 -0.3529 -0.1377
1305031231.7231 1.2660 0.6202 1.5205 0.6500 0.6603 -0.3483 -0.1422
1305031231.7331 1.2666 0.6211 1.5203 0.6523 0.6610 -0.3411 -0.1457
1305031231.7431 1.2664 0.6220 1.5200 0.6534 0.6609 -0.3366 -0.1515
1305031231.7531 1.2663 0.6227 1.5193 0.6546 0.6604 -0.3326 -0.1575
1305031231.7631 1.2664 0.6234 1.5191 0.6560 0.6604 -0.3272 -0.1630
1305031231.7731 1.2670 0.6245 1.5191 0.6574 0.6610 -0.3209 -0.1670
1305031231.7831 1.2670 0.6253 1.5188 0.6587 0.6612 -0.3150 -0.1722
1305031231.7931 1.2670 0.6261 1.5185 0.6599 0.6607 -0.3104 -0.1781
1305031231.8031 1.2673 0.6269 1.5184 0.6613 0.6612 -0.3034 -0.1828
1305031231.8131 1.2675 0.6278 1.5181 0.6624 0.6611 -0.2978 -0.1880
1305031231.8231 1.2674 0.6285 1.5178 0.6633 0.6602 -0.2934 -0.1950
1305031231.8331 1.2678 0.6295 1.5177 0.6649 0.6599 -0.2866 -0.2009
1305031231.8431 1.2678 0.6302 1.5176 0.6655 0.6591 -0.2816 -0.2083
1305031231.8531 1.2678 0.6313 1.5178 0.6661 0.6590 -0.2750 -0.2154
1305031231.8631 1.2681 0.6321 1.5177 0.6670 0.6588 -0.2684 -0.2215
1305031231.8731 1.2684 0.6331 1.5177 0.6681 0.6583 -0.2617 -0.2278
1305031231.8834 1.2684 0.6339 1.5178 0.6685 0.6578 -0.2564 -0.2338
1305031231.8931 1.2688 0.6346 1.5177 0.6696 0.6572 -0.2504 -0.2389
1305031231.9031 1.2691 0.6354 1.5177 0.6709 0.6560 -0.2449 -0.2443
1305031231.9131 1.2691 0.6363 1.5177 0.6715 0.6551 -0.2401 -0.2495
1305031231.9232 1.2694 0.6371 1.5178 0.6721 0.6543 -0.2349 -0.2550
1305031231.9333 1.2696 0.6380 1.5180 0.6729 0.6530 -0.2297 -0.2606
1305031231.9432 1.2701 0.6389 1.5182 0.6738 0.6522 -0.2238 -0.2655
1305031231.9531 1.2702 0.6395 1.5183 0.6739 0.6513 -0.2197 -0.2710
1305031231.9632 1.2705 0.6403 1.5183 0.6747 0.6500 -0.2153 -0.2757
1305031231.9731 1.2708 0.6410 1.5184 0.6750 0.6494 -0.2110 -0.2795
1305031231.9831 1.2713 0.6417 1.5184 0.6761 0.6480 -0.2068 -0.2832
1305031231.9931 1.2716 0.6424 1.5185 0.6766 0.6470 -0.2033 -0.2870
1305031232.0031 1.2721 0.6432 1.5186 0.6778 0.6453 -0.1993 -0.2905
1305031232.0131 1.2726 0.6440 1.5190 0.6788 0.6439 -0.1944 -0.2947
1305031232.0232 1.2724 0.6447 1.5190 0.6787 0.6420 -0.1916 -0.3007
1305031232.0332 1.2728 0.6455 1.5192 0.6794 0.6405 -0.1871 -0.3052
1305031232.0431 1.2733 0.6462 1.5195 0.6800 0.6395 -0.1818 -0.3091
1305031232.0531 1.2737 0.6470 1.5199 0.6806 0.6383 -0.1765 -0.3135
1305031232.0631 1.2742 0.6478 1.5199 0.6811 0.6368 -0.1722 -0.3176
1305031232.0731 1.2747 0.6485 1.5202 0.6817 0.6355 -0.1676 -0.3215
1305031232.0831 1.2749 0.6492 1.5204 0.6821 0.6337 -0.1640 -0.3259
1305031232.0931 1.2750 0.6498 1.5207 0.6821 0.6328 -0.1602 -0.3297
1305031232.1031 1.2757 0.6504 1.5210 0.6830 0.6311 -0.1561 -0.3330
1305031232.1131 1.2758 0.6509 1.5212 0.6829 0.6300 -0.1526 -0.3367
1305031232.1231 1.2764 0.6515 1.5215 0.6832 0.6283 -0.1490 -0.3410
1305031232.1331 1.2767 0.6520 1.5219 0.6834 0.6268 -0.1463 -0.3446
1305031232.1431 1.2772 0.6524 1.5222 0.6836 0.6255 -0.1428 -0.3478
1305031232.1532 1.2774 0.6529 1.5225 0.6837 0.6246 -0.1393 -0.3508
1305031232.1631 1.2777 0.6534 1.5228 0.6838 0.6230 -0.1357 -0.3547
1305031232.1731 1.2777 0.6538 1.5232 0.6831 0.6215 -0.1334 -0.3595
1305031232.1847 1.2781 0.6544 1.5235 0.6834 0.6200 -0.1291 -0.3631
1305031232.1931 1.2784 0.6549 1.5239 0.6837 0.6189 -0.1244 -0.3662
1305031232.2031 1.2788 0.6553 1.5241 0.6841 0.6179 -0.1195 -0.3687
1305031232.2131 1.2793 0.6558 1.5243 0.6845 0.6160 -0.1154 -0.3724
1305031232.2231 1.2796 0.6563 1.5246 0.6843 0.6148 -0.1113 -0.3760
1305031232.2331 1.2799 0.6567 1.5249 0.6840 0.6132 -0.1081 -0.3801
1305031232.2431 1.2801 0.6569 1.5254 0.6834 0.6122 -0.1042 -0.3837
1305031232.2532 1.2805 0.6575 1.5258 0.6832 0.6105 -0.1003 -0.3879
1305031232.2634 1.2809 0.6577 1.5261 0.6831 0.6088 -0.0961 -0.3917
1305031232.2731 1.2813 0.6582 1.5265 0.6831 0.6075 -0.0907 -0.3950
1305031232.2832 1.2815 0.6586 1.5267 0.6831 0.6059 -0.0862 -0.3985
1305031232.2931 1.2820 0.6587 1.5272 0.6839 0.6049 -0.0799 -0.4000
1305031232.3031 1.2823 0.6590 1.5275 0.6838 0.6035 -0.0756 -0.4032
1305031232.3131 1.2825 0.6592 1.5279 0.6832 0.6026 -0.0721 -0.4061
1305031232.3231 1.2827 0.6595 1.5282 0.6826 0.6010 -0.0689 -0.4101
1305031232.3331 1.2826 0.6599 1.5287 0.6812 0.5998 -0.0666 -0.4145
1305031232.3431 1.2831 0.6600 1.5289 0.6812 0.5986 -0.0628 -0.4168
1305031232.3531 1.2833 0.6602 1.5293 0.6811 0.5976 -0.0595 -0.4189
1305031232.3631 1.2837 0.6603 1.5296 0.6811 0.5966 -0.0556 -0.4208
1305031232.3731 1.2839 0.6606 1.5297 0.6806 0.5955 -0.0527 -0.4236
1305031232.3832 1.2840 0.6609 1.5300 0.6803 0.5948 -0.0502 -0.4254
1305031232.3931 1.2844 0.6609 1.5304 0.6806 0.5933 -0.0465 -0.4272
1305031232.4031 1.2844 0.6609 1.5305 0.6801 0.5925 -0.0447 -0.4294
1305031232.4131 1.2845 0.6610 1.5308 0.6797 0.5918 -0.0424 -0.4313
1305031232.4231 1.2846 0.6611 1.5309 0.6792 0.5911 -0.0407 -0.4331
1305031232.4331 1.2850 0.6610 1.5313 0.6793 0.5906 -0.0379 -0.4339
1305031232.4431 1.2851 0.6610 1.5315 0.6790 0.5900 -0.0362 -0.4354
1305031232.4531 1.2854 0.6609 1.5318 0.6788 0.5895 -0.0338 -0.4366
1305031232.4631 1.2855 0.6610 1.5320 0.6785 0.5889 -0.0324 -0.4379
1305031232.4731 1.2856 0.6611 1.5322 0.6781 0.5875 -0.0306 -0.4404
1305031232.4832 1.2858 0.6611 1.5326 0.6780 0.5866 -0.0280 -0.4421
1305031232.4931 1.2860 0.6611 1.5329 0.6778 0.5858 -0.0254 -0.4436
1305031232.5031 1.2863 0.6610 1.5333 0.6777 0.5846 -0.0229 -0.4455
1305031232.5136 1.2861 0.6611 1.5335 0.6764 0.5837 -0.0202 -0.4489
1305031232.5231 1.2865 0.6610 1.5340 0.6763 0.5828 -0.0164 -0.4502
1305031232.5331 1.2867 0.6609 1.5343 0.6760 0.5817 -0.0135 -0.4522
1305031232.5431 1.2867 0.6611 1.5345 0.6748 0.5811 -0.0112 -0.4548
1305031232.5531 1.2874 0.6609 1.5351 0.6754 0.5800 -0.0073 -0.4554
1305031232.5632 1.2875 0.6613 1.5353 0.6741 0.5786 -0.0050 -0.4592
1305031232.5734 1.2876 0.6612 1.5356 0.6736 0.5775 -0.0026 -0.4612
1305031232.5832 1.2880 0.6611 1.5360 0.6736 0.5756 0.0011 -0.4636
1305031232.5931 1.2880 0.6614 1.5364 0.6718 0.5745 0.0034 -0.4675
1305031232.6031 1.2884 0.6614 1.5368 0.6712 0.5730 0.0071 -0.4702
1305031232.6131 1.2892 0.6612 1.5371 0.6719 0.5720 0.0127 -0.4704
1305031232.6231 1.2893 0.6613 1.5375 0.6708 0.5705 0.0166 -0.4737
1305031232.6331 1.2898 0.6612 1.5378 0.6707 0.5686 0.0213 -0.4759
1305031232.6432 1.2899 0.6612 1.5382 0.6699 0.5676 0.0248 -0.4779
1305031232.6531 1.2902 0.6610 1.5386 0.6694 0.5658 0.0280 -0.4806
1305031232.6631 1.2904 0.6611 1.5390 0.6676 0.5648 0.0299 -0.4841
1305031232.6731 1.2908 0.6610 1.5396 0.6667 0.5639 0.0330 -0.4863
1305031232.6831 1.2911 0.6607 1.5401 0.6659 0.5631 0.0363 -0.4880
1305031232.6932 1.2911 0.6608 1.5403 0.6646 0.5617 0.0387 -0.4913
1305031232.7031 1.2912 0.6608 1.5408 0.6634 0.5599 0.0419 -0.4947
1305031232.7131 1.2916 0.6609 1.5412 0.6627 0.5588 0.0460 -0.4965
1305031232.7231 1.2918 0.6609 1.5415 0.6622 0.5567 0.0507 -0.4990
1305031232.7331 1.2923 0.6609 1.5420 -0.6615 -0.5555 -0.0557 0.5008
1305031232.7431 1.2926 0.6610 1.5424 -0.6602 -0.5532 -0.0601 0.5045
1305031232.7531 1.2931 0.6611 1.5428 -0.6594 -0.5521 -0.0649 0.5061
1305031232.7631 1.2934 0.6611 1.5432 -0.6585 -0.5506 -0.0693 0.5084
1305031232.7731 1.2936 0.6611 1.5438 -0.6565 -0.5490 -0.0729 0.5121
1305031232.7831 1.2941 0.6610 1.5444 -0.6550 -0.5476 -0.0766 0.5150
1305031232.7931 1.2944 0.6610 1.5449 -0.6531 -0.5464 -0.0797 0.5182
1305031232.8031 1.2948 0.6609 1.5455 -0.6519 -0.5450 -0.0835 0.5206
1305031232.8131 1.2952 0.6607 1.5459 -0.6513 -0.5431 -0.0870 0.5228
1305031232.8231 1.2956 0.6608 1.5464 -0.6501 -0.5416 -0.0898 0.5253
1305031232.8332 1.2962 0.6607 1.5472 -0.6498 -0.5398 -0.0937 0.5269
1305031232.8431 1.2964 0.6608 1.5477 -0.6485 -0.5385 -0.0957 0.5294
1305031232.8533 1.2968 0.6607 1.5482 -0.6480 -0.5366 -0.0988 0.5314
1305031232.8631 1.2973 0.6607 1.5488 -0.6474 -0.5354 -0.1016 0.5328
1305031232.8731 1.2977 0.6605 1.5494 -0.6469 -0.5346 -0.1030 0.5340
1305031232.8831 1.2982 0.6604 1.5500 -0.6465 -0.5334 -0.1041 0.5355
1305031232.8931 1.2986 0.6604 1.5506 -0.6464 -0.5323 -0.1051 0.5364
1305031232.9031 1.2991 0.6603 1.5511 -0.6471 -0.5309 -0.1060 0.5368
1305031232.9131 1.2995 0.6604 1.5514 -0.6477 -0.5298 -0.1055 0.5372
1305031232.9231 1.2998 0.6606 1.5518 -0.6474 -0.5293 -0.1042 0.5384
1305031232.9331 1.3002 0.6606 1.5523 -0.6472 -0.5290 -0.1036 0.5391
1305031232.9437 1.3006 0.6603 1.5528 -0.6477 -0.5286 -0.1035 0.5389
1305031232.9531 1.3012 0.6602 1.5532 -0.6483 -0.5279 -0.1033 0.5388
1305031232.9631 1.3015 0.6601 1.5535 -0.6482 -0.5274 -0.1027 0.5396
1305031232.9731 1.3017 0.6602 1.5537 -0.6484 -0.5269 -0.1023 0.5400
1305031232.9831 1.3018 0.6603 1.5539 -0.6484 -0.5264 -0.1011 0.5406
1305031232.9934 1.3023 0.6602 1.5539 -0.6507 -0.5258 -0.1003 0.5386
1305031233.0031 1.3024 0.6600 1.5540 -0.6518 -0.5263 -0.0974 0.5373
1305031233.0131 1.3026 0.6598 1.5538 -0.6534 -0.5278 -0.0932 0.5346
1305031233.0231 1.3030 0.6594 1.5538 -0.6552 -0.5298 -0.0887 0.5312
1305031233.0331 1.3029 0.6592 1.5536 -0.6562 -0.5319 -0.0818 0.5290
1305031233.0437 1.3032 0.6587 1.5535 -0.6578 -0.5334 -0.0752 0.5264
1305031233.0531 1.3030 0.6585 1.5533 -0.6595 -0.5350 -0.0691 0.5235
1305031233.0631 1.3030 0.6580 1.5531 -0.6619 -0.5364 -0.0631 0.5197
1305031233.0731 1.3031 0.6575 1.5528 -0.6642 -0.5388 -0.0564 0.5152
1305031233.0831 1.3030 0.6572 1.5522 -0.6664 -0.5413 -0.0488 0.5104
1305031233.0931 1.3029 0.6569 1.5516 -0.6683 -0.5447 -0.0401 0.5050
1305031233.1031 1.3025 0.6569 1.5509 -0.6701 -0.5475 -0.0318 0.5002
1305031233.1131 1.3025 0.6566 1.5505 0.6725 0.5487 0.0255 -0.4961
1305031233.1231 1.3022 0.6564 1.5500 0.6744 0.5494 0.0203 -0.4928
1305031233.1331 1.3024 0.6561 1.5496 0.6771 0.5492 0.0178 -0.4895
1305031233.1431 1.3023 0.6560 1.5490 0.6788 0.5489 0.0158 -0.4876
1305031233.1531 1.3023 0.6558 1.5485 0.6801 0.5488 0.0144 -0.4858
1305031233.1631 1.3019 0.6559 1.5478 0.6809 0.5496 0.0130 -0.4839
1305031233.1731 1.3017 0.6558 1.5471 0.6821 0.5504 0.0130 -0.4813
1305031233.1832 1.3012 0.6558 1.5463 0.6823 0.5510 0.0114 -0.4803
1305031233.1931 1.3011 0.6554 1.5458 0.6838 0.5513 0.0120 -0.4778
1305031233.2031 1.3007 0.6550 1.5450 0.6850 0.5519 0.0110 -0.4754
1305031233.2131 1.3004 0.6545 1.5443 0.6862 0.5526 0.0103 -0.4729
1305031233.2231 1.2999 0.6538 1.5435 0.6872 0.5540 0.0075 -0.4700
1305031233.2331 1.2994 0.6529 1.5429 0.6879 0.5566 0.0036 -0.4658
1305031233.2431 1.2988 0.6519 1.5421 0.6880 0.5590 -0.0019 -0.4628
1305031233.2531 1.2981 0.6510 1.5413 0.6879 0.5618 -0.0088 -0.4595
1305031233.2631 1.2974 0.6498 1.5405 0.6884 0.5650 -0.0152 -0.4546
1305031233.2731 1.2966 0.6485 1.5395 0.6898 0.5675 -0.0221 -0.4490
1305031233.2831 1.2961 0.6470 1.5385 0.6923 0.5710 -0.0292 -0.4402
1305031233.2931 1.2954 0.6456 1.5373 0.6940 0.5749 -0.0381 -0.4318
1305031233.3031 1.2945 0.6440 1.5361 0.6958 0.5797 -0.0479 -0.4213
1305031233.3131 1.2933 0.6422 1.5349 0.6963 0.5847 -0.0610 -0.4119
1305031233.3231 1.2927 0.6407 1.5338 0.6981 0.5884 -0.0723 -0.4014
1305031233.3331 1.2917 0.6391 1.5330 0.6996 0.5916 -0.0828 -0.3920
1305031233.3431 1.2908 0.6376 1.5322 0.7007 0.5936 -0.0937 -0.3845
1305031233.3531 1.2900 0.6361 1.5315 0.7022 0.5956 -0.1021 -0.3765
1305031233.3631 1.2892 0.6347 1.5307 0.7033 0.5981 -0.1097 -0.3682
1305031233.3731 1.2885 0.6335 1.5299 0.7028 0.6009 -0.1192 -0.3616
1305031233.3831 1.2876 0.6320 1.5292 0.7028 0.6045 -0.1267 -0.3530
1305031233.3931 1.2872 0.6306 1.5283 0.7032 0.6076 -0.1340 -0.3439
1305031233.4031 1.2862 0.6291 1.5275 0.7025 0.6105 -0.1434 -0.3365
1305031233.4131 1.2852 0.6278 1.5268 0.7016 0.6131 -0.1526 -0.3295
1305031233.4231 1.2846 0.6267 1.5264 0.7012 0.6150 -0.1606 -0.3229
1305031233.4331 1.2840 0.6257 1.5259 0.7011 0.6166 -0.1669 -0.3168
1305031233.4431 1.2834 0.6247 1.5256 0.7011 0.6179 -0.1717 -0.3118
1305031233.4531 1.2829 0.6239 1.5252 0.7012 0.6183 -0.1755 -0.3085
1305031233.4631 1.2822 0.6231 1.5248 0.7006 0.6191 -0.1793 -0.3062
1305031233.4731 1.2815 0.6224 1.5246 0.6994 0.6211 -0.1815 -0.3036
1305031233.4831 1.2812 0.6217 1.5241 0.6990 0.6222 -0.1832 -0.3012
1305031233.4931 1.2805 0.6211 1.5238 0.6976 0.6239 -0.1860 -0.2993
1305031233.5031 1.2802 0.6206 1.5234 0.6966 0.6255 -0.1882 -0.2968
1305031233.5131 1.2799 0.6198 1.5232 0.6959 0.6272 -0.1905 -0.2933
1305031233.5231 1.2793 0.6194 1.5227 0.6949 0.6283 -0.1940 -0.2911
1305031233.5331 1.2789 0.6188 1.5224 0.6940 0.6299 -0.1974 -0.2874
1305031233.5431 1.2784 0.6183 1.5221 0.6935 0.6308 -0.2015 -0.2839
1305031233.5531 1.2776 0.6175 1.5217 0.6917 0.6328 -0.2065 -0.2800
1305031233.5631 1.2774 0.6170 1.5214 0.6916 0.6336 -0.2109 -0.2753
1305031233.5731 1.2771 0.6163 1.5211 0.6908 0.6351 -0.2162 -0.2696
1305031233.5831 1.2770 0.6158 1.5208 0.6898 0.6367 -0.2219 -0.2637
1305031233.5931 1.2761 0.6150 1.5204 0.6875 0.6377 -0.2303 -0.2600
1305031233.6031 1.2759 0.6143 1.5203 0.6864 0.6391 -0.2361 -0.2542
1305031233.6132 1.2759 0.6137 1.5201 0.6855 0.6402 -0.2419 -0.2484
1305031233.6231 1.2760 0.6132 1.5200 0.6846 0.6414 -0.2472 -0.2427
1305031233.6331 1.2757 0.6128 1.5198 0.6835 0.6419 -0.2529 -0.2384
1305031233.6431 1.2758 0.6123 1.5198 0.6829 0.6428 -0.2569 -0.2335
1305031233.6531 1.2756 0.6119 1.5195 0.6818 0.6437 -0.2617 -0.2286
1305031233.6631 1.2758 0.6116 1.5194 0.6812 0.6446 -0.2649 -0.2242
1305031233.6731 1.2755 0.6112 1.5193 0.6801 0.6453 -0.2686 -0.2210
1305031233.6831 1.2758 0.6110 1.5192 0.6793 0.6458 -0.2717 -0.2183
1305031233.6931 1.2759 0.6109 1.5190 0.6785 0.6464 -0.2741 -0.2161
1305031233.7031 1.2756 0.6108 1.5189 0.6772 0.6471 -0.2763 -0.2150
1305031233.7131 1.2758 0.6109 1.5188 0.6767 0.6478 -0.2767 -0.2141
1305031233.7231 1.2759 0.6110 1.5188 0.6764 0.6485 -0.2761 -0.2140
1305031233.7331 1.2757 0.6112 1.5187 0.6756 0.6491 -0.2758 -0.2150
1305031233.7431 1.2760 0.6116 1.5187 0.6759 0.6492 -0.2738 -0.2162
1305031233.7531 1.2761 0.6120 1.5186 0.6760 0.6496 -0.2718 -0.2172
1305031233.7633 1.2761 0.6124 1.5184 0.6759 0.6500 -0.2700 -0.2187
1305031233.7731 1.2763 0.6129 1.5183 0.6761 0.6501 -0.2679 -0.2201
1305031233.7831 1.2767 0.6135 1.5183 0.6766 0.6506 -0.2646 -0.2211
1305031233.7931 1.2768 0.6140 1.5182 0.6769 0.6508 -0.2627 -0.2218
1305031233.8031 1.2766 0.6144 1.5180 0.6765 0.6511 -0.2621 -0.2230
1305031233.8131 1.2767 0.6149 1.5180 0.6763 0.6512 -0.2615 -0.2242
1305031233.8231 1.2770 0.6153 1.5182 0.6764 0.6509 -0.2611 -0.2251
1305031233.8331 1.2773 0.6159 1.5183 0.6764 0.6509 -0.2607 -0.2253
1305031233.8431 1.2776 0.6163 1.5185 0.6761 0.6513 -0.2608 -0.2252
1305031233.8531 1.2778 0.6167 1.5185 0.6757 0.6514 -0.2616 -0.2253
1305031233.8631 1.2782 0.6171 1.5183 0.6757 0.6518 -0.2615 -0.2240
1305031233.8731 1.2780 0.6175 1.5182 0.6750 0.6513 -0.2638 -0.2248
1305031233.8831 1.2784 0.6180 1.5184 0.6752 0.6513 -0.2637 -0.2244
1305031233.8931 1.2783 0.6183 1.5181 0.6749 0.6508 -0.2657 -0.2243
1305031233.9031 1.2786 0.6189 1.5181 0.6755 0.6502 -0.2663 -0.2236
1305031233.9131 1.2788 0.6194 1.5181 0.6759 0.6494 -0.2670 -0.2238
1305031233.9231 1.2787 0.6199 1.5181 0.6758 0.6487 -0.2684 -0.2247
1305031233.9331 1.2790 0.6205 1.5182 0.6758 0.6479 -0.2692 -0.2258
1305031233.9432 1.2791 0.6210 1.5182 0.6753 0.6475 -0.2704 -0.2272
1305031233.9531 1.2793 0.6215 1.5183 0.6747 0.6475 -0.2710 -0.2283
1305031233.9631 1.2795 0.6220 1.5183 0.6746 0.6471 -0.2710 -0.2297
1305031233.9731 1.2795 0.6225 1.5185 0.6743 0.6465 -0.2714 -0.2318
1305031233.9834 1.2796 0.6231 1.5186 0.6740 0.6454 -0.2724 -0.2343
1305031233.9931 1.2795 0.6236 1.5188 0.6731 0.6445 -0.2741 -0.2376
