# timestamp x y z q0 q1 q2 q3
1305031102.175304 0.000000000 0.000000000 0.000000000 0.000000000 0.000000000 0.000000000 1.000000000
1305031102.211214 -0.001586025 0.009454799 0.013253972 -0.001690266 -0.003498853 -0.001138683 0.999991802
1305031102.275326 0.000025295 0.007692007 0.041144283 -0.014183200 -0.010635529 -0.000175419 0.999842833
1305031102.311267 -0.002597616 0.007149584 0.053542934 -0.018545854 -0.011748963 0.000049862 0.999758976
1305031102.343233 -0.003098306 0.007604238 0.064502498 -0.020556898 -0.013518088 0.001551940 0.999696087
1305031102.375329 -0.003527481 0.008151022 0.075534137 -0.022808489 -0.015314136 0.001679740 0.999621143
1305031102.411258 -0.008785050 0.010589943 0.083630690 -0.024323018 -0.016326994 0.000123095 0.999570810
1305031102.443271 -0.009196218 0.018045295 0.095047494 -0.028120555 -0.019897767 0.000447002 0.999406381
1305031102.475318 -0.006922013 0.015926357 0.111643152 -0.036618725 -0.023176642 0.000285754 0.999060474
1305031102.511219 -0.003346836 0.020913342 0.127614574 -0.039892314 -0.024127480 -0.000229305 0.998912617
1305031102.575286 -0.006892512 0.012643792 0.153150818 -0.048965670 -0.020135840 -0.004881849 0.998585539
1305031102.611233 -0.007089420 0.012992591 0.167668083 -0.045917015 -0.017652693 -0.003552862 0.998782953
1305031102.675285 -0.014723402 0.021527424 0.185674100 -0.044380392 -0.015700484 -0.003018417 0.998886763
1305031102.711263 -0.015570866 0.021382700 0.201084957 -0.045723579 -0.015950271 -0.000997190 0.998826286
1305031102.743234 -0.019499344 0.029327444 0.211802088 -0.044819112 -0.014564341 -0.000370328 0.998888878
1305031102.775472 -0.013462638 0.032466195 0.231381268 -0.046449573 -0.015740902 -0.001935053 0.998794732
1305031102.811232 -0.014005282 0.035352658 0.242096685 -0.047487065 -0.012587752 -0.003076285 0.998787797
1305031102.843290 -0.015030122 0.037627214 0.258688594 -0.049112838 -0.008846343 -0.003983400 0.998746116
1305031102.875363 -0.018242960 0.039659507 0.268497917 -0.048563136 -0.004922716 -0.006053350 0.998789640
1305031102.911185 -0.019349354 0.042972835 0.280004172 -0.047866188 -0.003327642 -0.007588787 0.998819386
1305031102.975203 -0.030762258 0.046930078 0.295263815 -0.048985571 -0.006272523 -0.008811830 0.998740918
1305031103.011215 -0.030416889 0.047736661 0.306583742 -0.051188015 -0.012958173 -0.006551415 0.998583473
1305031103.043227 -0.031559275 0.051407823 0.316641250 -0.052510841 -0.018631660 -0.004150393 0.998437903
1305031103.075319 -0.025975461 0.054376177 0.335558134 -0.052369536 -0.024361842 -0.000296466 0.998330529
1305031103.111240 -0.025697137 0.062833625 0.342499418 -0.049227627 -0.024164612 0.000799091 0.998494904
1305031103.143318 -0.026120895 0.065689738 0.354046203 -0.050741187 -0.024332900 0.002017109 0.998413328
1305031103.175452 -0.027672397 0.070472967 0.361701250 -0.050920862 -0.022159889 0.001739030 0.998455297
1305031103.243216 -0.031090489 0.076770054 0.375121094 -0.063379741 -0.020280264 0.005371889 0.997768942
1305031103.275370 -0.038920952 0.075351642 0.374516259 -0.073922807 -0.019045303 0.008630755 0.997044736
1305031103.311210 -0.034134315 0.070854929 0.385479738 -0.082537283 -0.031605804 0.010149977 0.996034963
1305031103.343223 -0.027295218 0.075790555 0.393430404 -0.081709585 -0.039054842 0.010837002 0.995831724
1305031103.375327 -0.026675834 0.073869136 0.394446090 -0.086047385 -0.037545834 0.012414626 0.995505919
1305031103.411260 -0.027962273 0.068421158 0.392018755 -0.089040362 -0.036192948 0.013515382 0.995278463
1305031103.443280 -0.029027711 0.066589690 0.386458033 -0.088679695 -0.038155425 0.013246892 0.995240973
1305031103.475274 -0.027602230 0.064821810 0.385898003 -0.087933030 -0.042171948 0.012546239 0.995154210
1305031103.511333 -0.026567627 0.059590795 0.379281901 -0.085989148 -0.044091377 0.010455428 0.995265041
1305031103.543444 -0.025461168 0.054581321 0.371134181 -0.082088367 -0.045685440 0.008960567 0.995537065
1305031103.575474 -0.026503523 0.051928530 0.358458637 -0.076989381 -0.046488387 0.008573833 0.995910616
1305031103.611223 -0.026023149 0.046607792 0.347463770 -0.075077089 -0.049896749 0.010561223 0.995872585
1305031103.643445 -0.026197170 0.042186851 0.335982659 -0.072082355 -0.053641465 0.010977069 0.995894689
1305031103.675523 -0.023932788 0.039048593 0.325359701 -0.068869692 -0.056676284 0.010787937 0.995956016
1305031103.711610 -0.020353509 0.034328139 0.312405375 -0.066752182 -0.058575455 0.011086126 0.995987028
1305031103.743326 -0.018846759 0.028315160 0.301122010 -0.064611037 -0.058373602 0.010293197 0.996148577
1305031103.775342 -0.017168248 0.026148559 0.284257356 -0.060857014 -0.058047392 0.007094337 0.996431932
1305031103.811242 -0.017319897 0.024227379 0.270240500 -0.060451284 -0.056528139 0.003146222 0.996564254
1305031103.843251 -0.018508384 0.025547227 0.256733722 -0.062110686 -0.056144252 0.000647212 0.996488669
1305031103.875361 -0.018355192 0.012419614 0.242305294 -0.071175262 -0.058996890 -0.001552515 0.995716344
1305031103.911221 -0.015444257 0.003563530 0.228653538 -0.071271786 -0.063792338 -0.003039972 0.995410282
1305031103.943211 -0.014350771 0.000824586 0.212986438 -0.068909662 -0.066267407 -0.004116933 0.995411041
1305031103.975373 -0.010605429 -0.004568896 0.200185375 -0.067210688 -0.069067356 -0.004509864 0.995335162
1305031104.011232 -0.005060740 -0.008589078 0.189549570 -0.062539168 -0.070608249 -0.004666195 0.995530790
1305031104.043249 -0.001393938 -0.011090595 0.173098004 -0.054703941 -0.067862913 -0.007080577 0.996168645
1305031104.075425 0.001608788 -0.010771271 0.159763517 -0.050187190 -0.063898821 -0.009846322 0.996644990
1305031104.111235 0.006378901 -0.016208956 0.148385002 -0.047479692 -0.059041109 -0.010732392 0.997068023
1305031104.143230 0.004740690 -0.019744944 0.130467839 -0.042138223 -0.052157340 -0.011843726 0.997679161
1305031104.175424 0.002615086 -0.023931897 0.114132814 -0.038308102 -0.047765980 -0.013302604 0.998035040
1305031104.211283 0.007169813 -0.024196011 0.103522986 -0.033054179 -0.046851911 -0.012131780 0.998281092
1305031104.243196 0.006190953 -0.028503735 0.089206498 -0.029087090 -0.043684449 -0.012423475 0.998544575
1305031104.275546 0.008223476 -0.029464112 0.077515565 -0.024317384 -0.041615240 -0.013057433 0.998752392
1305031104.311219 0.009284637 -0.031799049 0.065156615 -0.020718499 -0.038350750 -0.013264807 0.998961465
1305031104.343342 0.010430006 -0.028607160 0.054393332 -0.016046141 -0.034325734 -0.013685946 0.999188151
1305031104.375837 0.011264372 -0.030458455 0.042922686 -0.014450856 -0.029512428 -0.013150413 0.999373432
1305031104.411509 0.007643771 -0.032445714 0.030503018 -0.013370339 -0.024457015 -0.013190627 0.999524435
1305031104.443288 0.001918120 -0.034066209 0.016477191 -0.012996139 -0.021194779 -0.013783191 0.999595871
1305031104.475456 -0.000905513 -0.035389412 0.004662978 -0.013445061 -0.021772157 -0.012429177 0.999595278
1305031104.511329 -0.000501512 -0.040698642 -0.002710277 -0.013901998 -0.024768962 -0.010478743 0.999541609
1305031104.543368 0.003994207 -0.039995432 -0.011704442 -0.009790174 -0.028050171 -0.008825857 0.999519607
1305031104.575343 0.009568333 -0.043472739 -0.014419339 -0.005687977 -0.029293621 -0.008101986 0.999521830
1305031104.611336 0.017484837 -0.047391475 -0.020648240 0.004223759 -0.026425307 -0.006027170 0.999623697
1305031104.643243 0.018580622 -0.041343368 -0.030717534 0.018640152 -0.018709805 -0.005729452 0.999634764
1305031104.675525 0.021605440 -0.048168033 -0.040660466 0.028226576 -0.011105425 -0.004508999 0.999529689
1305031104.711277 0.020853008 -0.050623139 -0.051287906 0.041380346 -0.003067424 -0.002166579 0.999136409
1305031104.743280 0.022441387 -0.047971458 -0.063343970 0.055601791 0.004357066 -0.000596655 0.998443339
1305031104.775327 0.024585374 -0.049781408 -0.074047253 0.066610835 0.011088796 0.001418404 0.997716404
1305031104.811465 0.028232380 -0.048876869 -0.084870621 0.076988679 0.017046924 0.003748175 0.996879179
1305031104.843258 0.026618227 -0.045465359 -0.092294350 0.085571155 0.024191273 0.005927490 0.996020695
1305031104.875350 0.021906533 -0.041979011 -0.099144920 0.091138680 0.028349477 0.007528463 0.995406133
1305031104.911534 0.022198516 -0.039912419 -0.101816142 0.093174038 0.029332791 0.008828691 0.995178497
1305031104.943262 0.023713179 -0.034136170 -0.100283964 0.095637745 0.029573636 0.009601056 0.994930471
1305031104.975202 0.019099470 -0.036230328 -0.103377831 0.092939603 0.030602553 0.009232860 0.995158514
1305031105.011290 0.006510761 -0.022809813 -0.100462098 0.092196639 0.034463450 0.008740710 0.995105849
1305031105.043373 0.019888693 -0.032169032 -0.094353232 0.082646621 0.029540878 0.008070692 0.996108296
1305031105.075320 0.019033236 -0.035737926 -0.091308887 0.073839286 0.028958580 0.005859700 0.996832395
1305031105.111299 0.005306059 -0.028268828 -0.078421246 0.070910000 0.032338385 0.004083866 0.996950010
1305031105.143106 0.002455895 -0.023405653 -0.075078765 0.065665989 0.030543759 0.000751955 0.997373797
1305031105.175159 0.003286989 -0.018715960 -0.061533330 0.053147653 0.026190617 -0.002533879 0.998239930
1305031105.211268 -0.009531062 -0.024718125 -0.051430301 0.039102714 0.026145393 -0.004010762 0.998885033
1305031105.243270 -0.002216463 -0.015342307 -0.023462933 0.033022881 0.016001823 -0.003506641 0.999320336
1305031105.275288 -0.008761587 -0.014849172 -0.014545114 0.022834284 0.011670991 -0.007680089 0.999641636
1305031105.311290 -0.011381535 -0.014602861 -0.002567944 0.012435360 0.004153773 -0.008179814 0.999880592
1305031105.343302 -0.007105809 -0.016592170 0.026959735 0.002474695 -0.005983016 -0.005643855 0.999963112
1305031105.375338 -0.010202130 -0.018726158 0.045138966 -0.002585966 -0.011041602 -0.006022630 0.999917558
1305031105.411286 -0.012826109 -0.006364710 0.054499331 -0.004099461 -0.014929947 -0.005925408 0.999862581
1305031105.443316 -0.013268929 -0.015563113 0.067648996 -0.013996610 -0.019178539 -0.007904988 0.999686846
1305031105.475280 -0.012695316 -0.018608304 0.083232131 -0.019504852 -0.023469086 -0.007055039 0.999509374
1305031105.511332 -0.014933381 -0.011220846 0.101980994 -0.022143770 -0.025886214 -0.007861644 0.999388689
1305031105.543282 -0.017285345 -0.014824306 0.112680412 -0.027564088 -0.025641360 -0.007679534 0.999261611
1305031105.575449 -0.017124453 -0.010142841 0.132978008 -0.029805374 -0.028033725 -0.006418183 0.999141910
1305031105.611378 -0.017038070 -0.012410843 0.148311608 -0.033572053 -0.029112633 -0.006326591 0.998992165
1305031105.643273 -0.019835748 -0.009458769 0.161921382 -0.033498625 -0.028633101 -0.003988024 0.999020562
1305031105.711309 -0.013639145 -0.009251188 0.193470299 -0.036054315 -0.029450699 -0.002082500 0.998913613
1305031105.743312 -0.014758877 0.001196298 0.211001855 -0.031507794 -0.025427453 -0.002571834 0.999176706
1305031105.775339 -0.013397184 0.001432079 0.226431293 -0.032497466 -0.021008051 -0.002597138 0.999247633
1305031105.811283 -0.014756826 0.003290839 0.241609037 -0.030893518 -0.015322833 -0.002259197 0.999402670
1305031105.843271 -0.013363319 0.006463314 0.258086631 -0.029245974 -0.012261817 -0.001472462 0.999495949
1305031105.875337 -0.011709286 0.015671068 0.272951298 -0.026341315 -0.007488012 0.000127867 0.999624954
1305031105.911262 -0.011349281 0.014465527 0.283446496 -0.031107690 -0.002913045 0.004413748 0.999502048
1305031105.943272 -0.011603359 0.022673231 0.298606378 -0.032067700 0.000244686 0.007086243 0.999460548
1305031105.975329 -0.010769518 0.026329535 0.312414518 -0.036961048 0.002041207 0.008954197 0.999274505
1305031106.011285 -0.012993660 0.032848571 0.326258481 -0.039911612 0.005228562 0.009128707 0.999147833
1305031106.043355 -0.011840970 0.033859165 0.336836200 -0.046165961 0.006971423 0.012262640 0.998834186
1305031106.075330 -0.013494971 0.036605070 0.347865339 -0.050738141 0.008358056 0.013632021 0.998583973
1305031106.111327 -0.015878146 0.042574393 0.358785260 -0.055768532 0.008941287 0.014200152 0.998302700
1305031106.143355 -0.018039823 0.043947964 0.371501005 -0.063577791 0.007818447 0.016024037 0.997817602
1305031106.175534 -0.019218209 0.045574739 0.382105129 -0.068095895 0.006345995 0.017010096 0.997513576
1305031106.211275 -0.018969815 0.046588319 0.393358127 -0.071724063 0.003903685 0.018148912 0.997251742
1305031106.243267 -0.021286140 0.048486124 0.402048688 -0.072196271 0.003225119 0.021073884 0.997162569
1305031106.276385 -0.022502494 0.055218926 0.408206957 -0.072095452 0.001574566 0.022191906 0.997149580
1305031106.311238 -0.021872872 0.056459324 0.413824024 -0.076945669 0.000143333 0.024726549 0.996728620
1305031106.343258 -0.025758305 0.063209061 0.413781122 -0.080974486 0.000724235 0.025357485 0.996393299
1305031106.375388 -0.023875506 0.066927911 0.424497812 -0.089363035 -0.000590304 0.017964544 0.995836922
1305031106.411320 -0.023677475 0.060022720 0.427473263 -0.097743322 0.004843953 0.011279890 0.995135942
1305031106.443278 -0.028003934 0.058484854 0.422730281 -0.097680320 0.010127670 0.007694399 0.995136564
1305031106.475345 -0.026980776 0.050590871 0.414720819 -0.100406736 0.008698208 0.007260917 0.994881957
1305031106.511129 -0.026843950 0.048324899 0.411036956 -0.098743682 0.004278411 0.009273819 0.995060489
1305031106.543302 -0.026845646 0.044292422 0.400129596 -0.095314071 0.000344790 0.006711068 0.995424568
1305031106.575282 -0.025128397 0.042927051 0.389832912 -0.091482615 -0.002487269 0.005421880 0.995788807
1305031106.611151 -0.027338335 0.041098195 0.376147621 -0.090736628 -0.004665503 0.002628651 0.995860526
1305031106.643207 -0.025556501 0.034646843 0.366667309 -0.091321833 -0.008615882 0.000636887 0.995783954
1305031106.675279 -0.026555681 0.031166461 0.350365798 -0.089164167 -0.011438785 0.000879026 0.995950869
1305031106.711508 -0.027905756 0.027562374 0.333473139 -0.090647262 -0.016919915 0.000652207 0.995739105
1305031106.743341 -0.027683199 0.023544346 0.318610012 -0.088988273 -0.023608727 0.001845658 0.995751128
1305031106.775390 -0.023202601 0.017932283 0.304618802 -0.088543572 -0.031473696 0.001573482 0.995573687
1305031106.811289 -0.025031035 0.019842423 0.288403452 -0.086729956 -0.034285412 -0.000394815 0.995641637
1305031106.843416 -0.021347092 0.010976268 0.274645456 -0.088852946 -0.040167778 0.000832557 0.995234149
1305031106.875905 -0.015679624 0.009109720 0.255753930 -0.081421077 -0.044694609 -0.002025136 0.995675097
1305031106.911243 -0.018162830 0.008188125 0.237475970 -0.077261844 -0.042472476 -0.007962389 0.996073941
1305031106.943439 -0.017428655 0.000642521 0.222180356 -0.076668690 -0.041655350 -0.011933028 0.996114625
1305031106.975547 -0.012914763 -0.002241560 0.201185282 -0.068562023 -0.040812862 -0.012598787 0.996732075
1305031107.011576 -0.015524605 -0.006883690 0.177857753 -0.063625628 -0.036637551 -0.018572015 0.997128151
1305031107.043281 -0.011095614 -0.012245104 0.161965154 -0.064140380 -0.035986427 -0.019313850 0.997104791
1305031107.075432 -0.013787595 -0.015889940 0.147615777 -0.058647276 -0.034145198 -0.019753065 0.997499082
1305031107.111229 -0.012943874 -0.019126425 0.127438905 -0.054427779 -0.034719440 -0.020790998 0.997697305
1305031107.143260 -0.012781248 -0.020929204 0.111763874 -0.052806588 -0.033408577 -0.021639650 0.997811133
1305031107.175399 -0.006474703 -0.025862971 0.097476406 -0.050648391 -0.033577848 -0.020340555 0.997944653
1305031107.211358 0.003427349 -0.033077890 0.082446624 -0.045344071 -0.034547643 -0.019453143 0.998184327
1305031107.243378 -0.003057882 -0.032571843 0.068421204 -0.038639506 -0.028161463 -0.021778057 0.998618865
1305031107.275398 0.002512319 -0.035394089 0.058612643 -0.032590834 -0.026373748 -0.021449246 0.998890481
1305031107.311226 0.003114339 -0.036209534 0.049422326 -0.024350991 -0.022612542 -0.023615012 0.999168671
1305031107.343509 0.005108687 -0.040076290 0.038758162 -0.013418018 -0.018887988 -0.024144970 0.999439954
1305031107.375413 0.008719875 -0.035076822 0.027386241 -0.002648229 -0.014562526 -0.023148143 0.999622470
1305031107.411271 0.009911103 -0.037605488 0.018423922 0.003286796 -0.009329560 -0.024474161 0.999651525
1305031107.443419 0.012372960 -0.035684824 0.011522644 0.009168287 -0.004744724 -0.023857908 0.999662058
1305031107.475377 0.017882592 -0.039513823 0.008384053 0.010629764 -0.001529822 -0.022447984 0.999690330
1305031107.511352 0.015264004 -0.034356490 0.005232378 0.013582872 0.003742692 -0.023428461 0.999626233
1305031107.543605 0.012993167 -0.033201705 0.007036585 0.011634178 0.007905346 -0.022826473 0.999640487
1305031107.575454 0.019825840 -0.038179974 0.009307850 0.010009779 0.007954043 -0.019201485 0.999733885
1305031107.611271 0.024042619 -0.035620176 0.002515514 0.010341354 0.009210339 -0.016866022 0.999761853
1305031107.643323 0.015202128 -0.030840992 0.005617605 0.008738177 0.013850282 -0.017975778 0.999704299
1305031107.675568 0.020267060 -0.032600083 0.006720361 0.006494659 0.012809986 -0.016074369 0.999767642
1305031107.711307 0.020926200 -0.031735048 0.007134716 0.004615328 0.012193031 -0.014970453 0.999802938
1305031107.743538 0.019523826 -0.024158804 0.010115542 0.003335995 0.010924162 -0.013883698 0.999838375
1305031107.775802 0.017391037 -0.027289621 0.011513336 -0.000892304 0.008985171 -0.015509303 0.999838953
1305031107.811596 0.018363962 -0.024366878 0.011918279 -0.002414762 0.007161000 -0.015316034 0.999854143
1305031107.843332 0.016899743 -0.021880238 0.016152221 -0.004022190 0.007114017 -0.017516899 0.999813168
1305031107.875358 0.025441322 -0.023213612 0.020733932 -0.005075628 0.005958468 -0.019937794 0.999770583
1305031107.911541 0.026185926 -0.027339226 0.023844690 -0.005935662 0.009856590 -0.022658231 0.999677058
1305031107.943122 0.030199067 -0.025802839 0.023461321 -0.002516085 0.013219391 -0.024091574 0.999619184
1305031107.975807 0.024616857 -0.023272695 0.040173081 0.001100455 0.020804230 -0.027180602 0.999413422
1305031108.011320 0.043745878 -0.026197144 0.032456336 0.003674104 0.022366544 -0.026689410 0.999386769
1305031108.043418 0.046749831 -0.017502896 0.040263585 0.008274067 0.032620906 -0.022894003 0.999171297
1305031108.075352 0.056605823 -0.020160905 0.043768475 0.008441661 0.041778308 -0.017895526 0.998930959
1305031108.111378 0.061921072 -0.021281652 0.048463746 0.010918223 0.048675595 -0.018894600 0.998576223
1305031108.143334 0.064401589 -0.018613353 0.055831555 0.013819365 0.054560517 -0.019818370 0.998218116
1305031108.176058 0.052065215 -0.034455652 0.042183724 0.004184206 0.063974277 -0.019320664 0.997755730
1305031108.211475 0.058798153 -0.036534007 0.050024821 -0.001440847 0.066805763 -0.019961489 0.997565262
1305031108.243347 0.067571012 -0.041865846 0.069750589 -0.003211213 0.070996472 -0.022383020 0.997220231
1305031108.275358 0.091073094 -0.040226900 0.048669891 -0.002922660 0.071569249 -0.022088716 0.997186737
1305031108.311332 0.093687972 -0.033696863 0.059344196 -0.005355029 0.075403104 -0.021178525 0.996913821
1305031108.343278 0.127217637 -0.024818368 0.056156528 -0.007916100 0.068100337 -0.016598948 0.997508975
1305031108.375410 0.130264782 -0.022771927 0.063395773 -0.012986150 0.067835434 -0.011661501 0.997543845
1305031108.411361 0.146321759 -0.023729007 0.068127070 -0.018586769 0.062571424 -0.005206197 0.997853819
1305031108.443610 0.158382067 -0.025240172 0.067638648 -0.023689455 0.061871787 0.001091942 0.997802335
1305031108.475471 0.167984465 -0.027589316 0.075346374 -0.027196185 0.061792135 0.007712532 0.997688637
1305031108.511378 0.218785709 -0.027821353 0.070500624 -0.026667075 0.055009590 0.013752899 0.998034904
1305031108.543737 0.225181247 -0.029143139 0.074523468 -0.022566989 0.064552331 0.013191075 0.997571914
1305031108.575414 0.238122932 -0.022810900 0.074142242 -0.017203530 0.068770969 0.010101728 0.997432979
1305031108.611407 0.256805679 -0.024383059 0.072039954 -0.018271096 0.073219651 0.010464350 0.997093550
1305031108.643303 0.257861797 -0.017931525 0.077097086 -0.016564782 0.081408502 0.012050163 0.996470299
1305031108.675375 0.280457075 -0.016703128 0.072667787 -0.019291725 0.083502556 0.015462850 0.996200809
1305031108.711411 0.285375459 -0.019039303 0.078417944 -0.024280745 0.093432903 0.019287614 0.995142566
1305031108.743502 0.291196600 -0.020984820 0.081704181 -0.025843212 0.099016749 0.021531271 0.994517077
1305031108.775493 0.296645651 -0.020731210 0.079130345 -0.027310992 0.103264396 0.022111181 0.994033033
1305031108.811244 0.297831769 -0.018993557 0.087660470 -0.028852600 0.109392682 0.024644018 0.993274102
1305031108.843264 0.301488393 -0.020160319 0.085182646 -0.027793308 0.109051129 0.031493284 0.993148305
1305031108.876515 0.302224802 -0.019663672 0.086351198 -0.025595822 0.107022762 0.037165630 0.993231946
1305031108.911364 0.304897352 -0.024386384 0.084647328 -0.023578861 0.102545106 0.043632515 0.993491189
1305031108.943243 0.299694873 -0.026521828 0.087227596 -0.019173050 0.100909520 0.043689001 0.993750942
1305031108.975268 0.299593523 -0.020600878 0.082313922 -0.013285736 0.093922525 0.042798098 0.994570446
1305031109.011269 0.297530689 -0.019395231 0.077398409 -0.014040839 0.089336803 0.040454165 0.995080525
1305031109.043277 0.292298901 -0.021022897 0.068866315 -0.013329343 0.087291936 0.040090325 0.995286498
1305031109.075410 0.285934502 -0.015902155 0.069250363 -0.012957920 0.084482852 0.035192097 0.995718965
1305031109.111282 0.282529499 -0.015711313 0.077916842 -0.017009206 0.083075732 0.031468261 0.995901028
1305031109.143334 0.271645312 -0.022814902 0.047434161 -0.020361381 0.077963669 0.030251227 0.996289086
1305031109.175464 0.263712259 -0.017247949 0.044093647 -0.018941879 0.070210868 0.028097042 0.996956466
1305031109.211379 0.248334429 -0.012791536 0.043192057 -0.023121907 0.066396975 0.029333345 0.997093965
1305031109.243290 0.236037302 -0.012171817 0.042829386 -0.032122862 0.063432578 0.035365286 0.996841876
1305031109.275308 0.226068342 -0.023400262 0.042138606 -0.037276852 0.058891743 0.039950593 0.996767851
1305031109.311329 0.204494838 -0.016835932 0.048241049 -0.033260457 0.052266345 0.040321781 0.997264321
1305031109.343248 0.190554412 -0.017924847 0.042782066 -0.037006281 0.042579425 0.039235053 0.997636276
1305031109.375397 0.197714806 -0.017874460 0.046322524 -0.039595065 0.025498572 0.039158733 0.998122561
1305031109.411329 0.179848563 -0.008784029 0.047894192 -0.036538563 0.021480683 0.039396436 0.998324313
1305031109.443302 0.227125938 -0.015245470 0.046926637 -0.043568078 -0.010620379 0.030458090 0.998529586
1305031109.475363 0.227473775 -0.004635240 0.049201025 -0.041518810 -0.017666237 0.028742017 0.998567969
1305031109.511273 0.219660538 -0.006619606 0.049517243 -0.041595948 -0.022392745 0.025086163 0.998568489
1305031109.543294 0.205454489 -0.008128510 0.045197923 -0.039147973 -0.023554409 0.021946860 0.998714655
1305031109.575362 0.196339783 -0.008188467 0.042653673 -0.039520887 -0.025385017 0.022987618 0.998631699
1305031109.611310 0.180225453 -0.006333939 0.039790052 -0.038685954 -0.026461323 0.019716062 0.998706399
1305031109.643229 0.180293243 -0.003465795 0.042149262 -0.038998121 -0.032359723 0.020891092 0.998496649
1305031109.675263 0.182258873 -0.006360267 0.043146663 -0.042982759 -0.037073897 0.021503946 0.998156094
1305031109.711312 0.141107203 0.001222423 0.034693309 -0.043194022 -0.031614892 0.020953095 0.998346504
1305031109.743274 0.136914875 -0.002383978 0.035453560 -0.049828481 -0.037832427 0.021207981 0.997815640
1305031109.775277 0.134003813 -0.003835484 0.043136418 -0.054605082 -0.043666203 0.024852688 0.997243146
1305031109.811371 0.130748175 -0.004767116 0.036777090 -0.057374569 -0.046723788 0.024418631 0.996959767
1305031109.843296 0.128972142 -0.009575184 0.041628117 -0.065876350 -0.053863163 0.032585210 0.995839982
1305031109.875306 0.073450650 0.002128752 0.036654900 -0.060751569 -0.044520885 0.016360254 0.997025316
1305031109.911265 0.068747419 0.004787605 0.049019879 -0.061079244 -0.054607067 0.012951833 0.996553884
1305031109.943299 0.130550600 -0.025875304 0.030484661 -0.082136719 -0.077200474 0.023018204 0.993359859
1305031109.975258 0.047634107 0.010341397 0.054009154 -0.065980789 -0.061392404 0.004565493 0.995920009
1305031110.011256 0.021450998 0.006281466 0.046576599 -0.068334329 -0.060129194 -0.006697682 0.995826310
1305031110.043299 0.017014852 0.005481455 0.046021197 -0.071395615 -0.063795730 -0.010611763 0.995349266
1305031110.075319 0.012841737 0.001406139 0.048277459 -0.075804449 -0.067613727 -0.014038337 0.994728603
1305031110.111325 -0.009255318 0.005837071 0.048763417 -0.078449194 -0.066648262 -0.020112284 0.994484404
1305031110.143432 -0.012372946 -0.003103252 0.057309284 -0.083092142 -0.074858580 -0.021818912 0.993486700
1305031110.175641 -0.029620333 0.010068868 0.058220595 -0.079960351 -0.076767731 -0.025321050 0.993514923
1305031110.211637 -0.039363948 0.005279918 0.062327620 -0.085468526 -0.081187407 -0.026794704 0.992665996
1305031110.243323 -0.047789973 0.014914135 0.074334162 -0.082112510 -0.087081503 -0.026461739 0.992458626
1305031110.279321 -0.058690816 0.001929469 0.062133156 -0.084986315 -0.090095409 -0.027211344 0.991927259
1305031110.311404 -0.067024617 -0.000209414 0.059620878 -0.083326462 -0.094479685 -0.027310306 0.991657419
1305031110.343355 -0.084766592 0.005559452 0.057081251 -0.080269874 -0.096928485 -0.029235934 0.991618312
1305031110.379281 -0.093933509 0.010330383 0.061886174 -0.077498806 -0.103747094 -0.032409406 0.991050002
1305031110.411469 -0.113584515 0.013855442 0.050572165 -0.076595644 -0.106969587 -0.034153291 0.990719015
1305031110.443260 -0.117276140 0.019821291 0.059325550 -0.078984607 -0.116440779 -0.038499779 0.989303161
1305031110.479331 -0.130534708 0.014469735 0.057827936 -0.083257548 -0.122805639 -0.044148146 0.987946303
1305031110.511429 -0.143174116 0.018332253 0.057760060 -0.082438640 -0.130382842 -0.046810201 0.986920965
1305031110.543408 -0.147413548 0.014337698 0.050710652 -0.085759478 -0.138432773 -0.050202441 0.985373733
1305031110.579426 -0.153006515 0.017467469 0.051994142 -0.089627304 -0.146605136 -0.053711589 0.983660991
1305031110.611307 -0.161903609 0.014762782 0.058315373 -0.094314768 -0.151218779 -0.057825729 0.982290075
1305031110.643418 -0.171360180 0.012497548 0.058927268 -0.093296714 -0.153400242 -0.061053675 0.981853623
1305031110.679606 -0.174165476 0.021156563 0.054818022 -0.090666187 -0.157143551 -0.062148232 0.981439323
1305031110.711412 -0.179729037 0.027068919 0.063134734 -0.091832209 -0.160125829 -0.064772683 0.980678879
1305031110.743249 -0.178156009 0.019268431 0.064519435 -0.095010218 -0.164957143 -0.063788810 0.979639315
1305031110.779193 -0.178307281 0.019265022 0.063926233 -0.095330578 -0.168045368 -0.064046781 0.979066313
1305031110.811386 -0.182117953 0.023986586 0.065637458 -0.094322774 -0.167981386 -0.066068958 0.979040531
1305031110.843218 -0.185151351 0.023831119 0.061632228 -0.095345203 -0.169680374 -0.068427712 0.978486337
1305031110.879313 -0.192138050 0.013878083 0.056403319 -0.099449871 -0.169714195 -0.067952246 0.978104957
1305031110.911333 -0.191549238 0.020614152 0.057913022 -0.097540841 -0.169794881 -0.068834390 0.978221503
1305031110.943862 -0.177507740 0.023341485 0.065836013 -0.096734808 -0.177256168 -0.068863084 0.976975181
1305031110.979345 -0.171317788 0.022138773 0.059470718 -0.097068558 -0.175602912 -0.069784802 0.977175211
1305031111.011431 -0.165852807 0.022836098 0.067225364 -0.098496613 -0.171077791 -0.069180096 0.977877764
1305031111.043327 -0.156230432 0.018034518 0.062452516 -0.099402790 -0.166321967 -0.067563780 0.978719175
1305031111.079283 -0.146135169 0.023180143 0.064325111 -0.099970259 -0.165253792 -0.064379270 0.979056914
1305031111.111508 -0.143674501 0.013837581 0.064671128 -0.104938985 -0.160064644 -0.062268040 0.979535507
1305031111.143257 -0.132582939 0.011345522 0.066875234 -0.103768674 -0.158220323 -0.061830820 0.979987419
1305031111.179326 -0.119702794 0.014226002 0.071063827 -0.099782874 -0.154932994 -0.062734009 0.980868793
1305031111.211433 -0.109695613 0.011177687 0.065448436 -0.099734040 -0.145548370 -0.058475822 0.982572833
1305031111.243236 -0.109597322 0.011837345 0.067302854 -0.098393267 -0.139414516 -0.060056382 0.983501697
1305031111.279308 -0.086892408 0.011373682 0.077496918 -0.094022541 -0.142709373 -0.055223682 0.983739875
1305031111.311547 -0.090218011 0.018844836 0.070110483 -0.088143801 -0.131856216 -0.054682402 0.985826782
1305031111.343397 -0.083020483 0.023600137 0.073074856 -0.090714201 -0.134011935 -0.052086111 0.985443439
1305031111.379134 -0.064540251 0.007407396 0.078966046 -0.095264935 -0.138524438 -0.049747400 0.984510421
1305031111.411296 -0.062701771 0.014395348 0.072047814 -0.087997817 -0.135168878 -0.048956589 0.985692148
1305031111.443386 -0.049666447 0.013210874 0.077706207 -0.088387540 -0.140912235 -0.052977643 0.984644481
1305031111.479259 -0.013370845 0.002241831 0.081880256 -0.087968754 -0.141175107 -0.053781713 0.984600739
1305031111.511264 -0.008418151 0.006602083 0.079982134 -0.082224531 -0.126892766 -0.053012888 0.987080030
1305031111.543250 0.008715965 -0.001875863 0.078955647 -0.080517517 -0.121261678 -0.053408468 0.987906914
1305031111.579237 0.018065925 0.009743687 0.081054687 -0.073365574 -0.110074426 -0.045855697 0.990150680
1305031111.611271 0.016373561 0.004883346 0.072231330 -0.076156057 -0.099793547 -0.040512253 0.991261953
1305031111.643395 0.041328378 0.000654030 0.085118643 -0.073741637 -0.104401246 -0.032683211 0.991258977
1305031111.679320 0.064983714 0.009427816 0.084569702 -0.066350065 -0.100051322 -0.023726109 0.992483992
1305031111.711760 0.088985901 -0.005598157 0.084119112 -0.070966743 -0.094226955 -0.023528109 0.992739357
1305031111.743386 0.041328378 0.000654030 0.085118643 -0.073741637 -0.104401246 -0.032683211 0.991258977
1305031111.779423 0.041328378 0.000654030 0.085118643 -0.073741637 -0.104401246 -0.032683211 0.991258977
1305031111.811406 0.116700479 0.000300748 0.093370727 -0.058008267 -0.046508470 -0.019609462 0.997039353
1305031111.843299 0.122710810 0.002523641 0.092492604 -0.053195888 -0.033954614 -0.019037891 0.997825055
1305031111.879442 0.120737281 0.010001568 0.090504344 -0.051146780 -0.022161154 -0.014870636 0.998334490
1305031111.911354 0.120207559 0.012286533 0.093954997 -0.049212079 -0.018124275 -0.008841817 0.998584751
1305031111.943300 0.130034184 0.013266264 0.092630512 -0.046810652 -0.020225715 -0.001332387 0.998698107
1305031111.979449 0.151627020 0.017320218 0.101640544 -0.044060088 -0.022738966 0.003613305 0.998763532
1305031112.011433 0.161599570 0.016262207 0.104947173 -0.041240531 -0.014230996 0.000247729 0.999047865
1305031112.043270 0.177094124 0.022536944 0.103424963 -0.034483188 -0.007188907 -0.001037412 0.999378884
1305031112.079339 0.194232039 0.017289593 0.102223577 -0.034301883 0.003018411 -0.001915953 0.999405123
1305031112.111423 0.182406957 0.020601748 0.100400989 -0.030084408 0.020658138 -0.006080876 0.999315362
1305031112.144342 0.213079285 0.030587222 0.103974743 -0.024571748 0.018169619 -0.012749459 0.999451622
1305031112.179390 0.227731570 0.024301623 0.096604059 -0.029308660 0.030740377 -0.015740003 0.998973615
1305031112.211254 0.228148514 0.018408207 0.100114093 -0.030692893 0.044824287 -0.020568074 0.998311416
1305031112.243369 0.243036371 0.009605331 0.093089001 -0.026566911 0.052503541 -0.026969537 0.997902912
1305031112.279353 0.235209160 0.018638750 0.090745600 -0.017038223 0.065889875 -0.029852642 0.997234698
1305031112.311312 0.253415463 0.010685273 0.091550336 -0.013084408 0.064835687 -0.031667317 0.997307532
1305031112.343323 0.256841702 0.010258493 0.093521592 -0.006320180 0.067587954 -0.031068572 0.997209440
1305031112.379360 0.256894443 0.007966782 0.096094193 -0.003283628 0.069387170 -0.029212060 0.997156605
1305031112.411442 0.287470457 0.012653378 0.089633024 0.001272070 0.060634422 -0.022323836 0.997909563
1305031112.443391 0.293519914 0.008650788 0.094214935 0.001830366 0.061375669 -0.017504844 0.997959547
1305031112.479418 0.292593570 0.007699167 0.097511770 0.003794451 0.064400941 -0.011179197 0.997854271
1305031112.511504 0.295866924 0.005035520 0.102045373 0.004247221 0.063154350 -0.005922487 0.997977161
1305031112.543212 0.332382198 0.007907357 0.087511823 0.009376806 0.049155260 0.004551665 0.998736761
1305031112.579252 0.343204186 0.009224682 0.087031649 0.011865769 0.045133758 0.010903426 0.998850971
1305031112.611261 0.205508627 0.002340416 0.127751013 0.008089555 0.108391939 0.012989777 0.993990449
1305031112.643246 0.369750603 0.010192603 0.072742372 0.008396673 0.046095621 0.025459404 0.998577242
1305031112.679952 0.368639802 0.008299663 0.075849548 0.005905256 0.054302593 0.028870201 0.998089609
1305031112.711251 0.371474568 0.008988291 0.075070472 0.003965988 0.058888425 0.030301086 0.997796707
1305031112.743245 0.372149507 0.015958748 0.074003423 0.001145007 0.062900448 0.033761467 0.997447936
1305031112.779310 0.368876615 0.010823549 0.078351307 -0.008356271 0.068335140 0.036298748 0.996966841
1305031112.811310 0.362577073 0.010465238 0.093394711 -0.009525272 0.070611291 0.035040384 0.996842759
1305031112.843286 0.358895718 0.014899792 0.080840510 -0.011156561 0.063500929 0.033270423 0.997364648
1305031112.879421 0.370370518 0.019080905 0.087207454 -0.012962100 0.056607572 0.036837751 0.997632471
1305031112.911411 0.355235424 0.014376397 0.077568433 -0.018638132 0.056081115 0.036072985 0.997600255
1305031112.943321 0.356562900 0.012406975 0.073822095 -0.021155723 0.048037102 0.036164650 0.997966427
1305031112.979278 0.361185047 0.019534944 0.084419862 -0.018183401 0.038193710 0.034774476 0.998499544
1305031113.011353 0.349436560 0.020873899 0.079804455 -0.019627526 0.036947056 0.035018836 0.998510569
1305031113.043231 0.302079638 0.011523208 0.096008136 -0.029389277 0.051200719 0.026384666 0.997907113
1305031113.079251 0.322859425 0.008726402 0.089445281 -0.028821503 0.037878843 0.025754084 0.998534547
1305031113.111316 0.299945909 0.016546705 0.090667425 -0.023463702 0.037099041 0.019602345 0.998843763
1305031113.143306 0.290949478 0.018242097 0.087310335 -0.025657688 0.034313577 0.017677668 0.998925303
1305031113.179343 0.287830400 0.018265418 0.081714565 -0.027856490 0.030115466 0.021336575 0.998930341
1305031113.211259 0.284333212 0.020741882 0.074257451 -0.024797690 0.021526164 0.024681918 0.999155895
1305031113.243227 0.280059868 0.022559483 0.071741035 -0.026718226 0.010305398 0.023930605 0.999303388
1305031113.279312 0.286696901 0.028344126 0.083843853 -0.025765269 -0.004376558 0.028822166 0.999242853
1305031113.311452 0.274897659 0.014406460 0.073829272 -0.026062161 -0.012353468 0.032065879 0.999069535
1305031113.343252 0.269691547 0.029058077 0.056675381 -0.015318414 -0.026305863 0.031938872 0.999026154
1305031113.379312 0.258662593 0.031469743 0.057266292 -0.017787728 -0.036815220 0.029825786 0.998718508
1305031113.411625 0.270989666 0.020769447 0.058866759 -0.021057245 -0.055691564 0.030842696 0.997749352
1305031113.443266 0.291260928 0.022318147 0.058457890 -0.019065265 -0.077510933 0.024838150 0.996499693
1305031113.479311 0.298212416 0.010371141 0.042051316 -0.027243864 -0.093749238 0.021023979 0.995000927
1305031113.511523 0.288844224 0.007908628 0.046046790 -0.032113743 -0.102733129 0.019882453 0.993991599
1305031113.543242 0.285496202 0.004167244 0.051988061 -0.035817945 -0.114447829 0.019706886 0.992587733
1305031113.579301 0.258434974 0.014079582 0.051502221 -0.030421261 -0.115999768 0.011667684 0.992714695
1305031113.611268 0.254694989 0.010150518 0.048067793 -0.034380299 -0.121709039 0.007338603 0.991943068
1305031113.643222 0.249352015 0.007463734 0.050459257 -0.038596370 -0.125597017 0.005647927 0.991314184
1305031113.679288 0.233020451 0.010530326 0.052079574 -0.037925357 -0.125178415 0.001791604 0.991407495
1305031113.711931 0.220082109 0.010735983 0.050933540 -0.037108359 -0.125053085 -0.003343114 0.991450210
1305031113.743590 0.209667163 0.015523137 0.054727628 -0.034531296 -0.124720550 -0.007560858 0.991562004
1305031113.779320 0.187976535 0.005909874 0.038899100 -0.035159699 -0.117300252 -0.013992378 0.992375262
1305031113.811237 0.179473590 0.012375779 0.042945409 -0.032637781 -0.119172208 -0.013944938 0.992239033
1305031113.843295 0.161989510 0.015949290 0.039480405 -0.031374315 -0.115750468 -0.018533817 0.992609681
1305031113.879281 0.145588886 0.009696477 0.042753246 -0.031371598 -0.115940150 -0.022432471 0.992507173
1305031113.911290 0.135290914 0.014862313 0.040116450 -0.026620589 -0.118150170 -0.022763743 0.992377798
1305031113.943291 0.124259448 0.015133939 0.039866891 -0.023964658 -0.116899057 -0.024212484 0.992559349
1305031113.979293 0.109403770 0.014913698 0.036973110 -0.020320122 -0.114618155 -0.028538103 0.992791694
1305031114.011257 0.089481144 0.019282772 0.031971635 -0.014915645 -0.111934609 -0.033903298 0.993025042
1305031114.043301 0.069519886 0.021958434 0.028583019 -0.012152562 -0.112978859 -0.036167052 0.992864561
1305031114.079285 0.056241572 0.020933862 0.027696199 -0.010272346 -0.119033754 -0.035668335 0.992196157
1305031114.111263 0.039964070 0.024934737 0.019967077 -0.006576760 -0.122675878 -0.039126983 0.991653394
1305031114.143284 0.027739158 0.025900920 0.019291870 -0.006113711 -0.128171371 -0.041818650 0.990851110
1305031114.179337 0.018931484 0.022128720 0.022926765 -0.004312754 -0.132414741 -0.043373066 0.990235585
1305031114.211303 0.000348018 0.036392243 0.016658040 0.002034503 -0.130012236 -0.045184680 0.990480199
1305031114.243337 -0.018060582 0.034619303 0.014475886 -0.000561716 -0.131097996 -0.049302579 0.990142543
1305031114.279390 -0.038773399 0.035647982 0.011915779 0.000105940 -0.134749175 -0.051226229 0.989554709
1305031114.311429 -0.043449231 0.038039570 0.012380815 -0.000718848 -0.145568945 -0.050678663 0.988049006
1305031114.343331 -0.044324293 0.032215157 0.013017921 -0.003572480 -0.154737782 -0.053471011 0.986501043
1305031114.379320 -0.057831902 0.038175664 0.021297850 -0.000436201 -0.157394306 -0.057427559 0.985864553
1305031114.411397 -0.072995627 0.039558040 0.019016724 0.001511699 -0.157634503 -0.061504289 0.985579170
1305031114.443345 -0.090057550 0.044111506 0.019481622 0.003024389 -0.160100957 -0.062844675 0.985093439
1305031114.479332 -0.103473075 0.043909179 0.019691962 0.002843995 -0.166328681 -0.063818198 0.983998943
1305031114.511266 -0.103399097 0.048981559 0.023621605 0.004189941 -0.178012546 -0.065089012 0.981864246
1305031114.543236 -0.102249233 0.044952371 0.026988939 -0.000179909 -0.185243142 -0.064331014 0.980584758
1305031114.579237 -0.111676767 0.042846043 0.026481264 -0.002538678 -0.184785444 -0.060907430 0.980886426
1305031114.611391 -0.111154035 0.040582976 0.020319772 -0.006171266 -0.186797345 -0.059273596 0.980589266
1305031114.644136 -0.121847021 0.047032951 0.028836365 -0.008858540 -0.188732918 -0.057973427 0.980275723
1305031114.679251 -0.127861250 0.032626418 0.016902329 -0.016605288 -0.192932818 -0.059462379 0.979267797
1305031114.711306 -0.129432974 0.037942916 0.027092490 -0.014845954 -0.199095387 -0.058375178 0.978127273
1305031114.743200 -0.120624670 0.022379703 0.015246423 -0.019215446 -0.204577728 -0.061803617 0.976708264
1305031114.779289 -0.118166718 0.027681508 0.020807329 -0.014484691 -0.207649088 -0.064425464 0.975972033
1305031114.811303 -0.119103628 0.037481557 0.025164769 -0.010978606 -0.207561502 -0.064797958 0.976011741
1305031114.843208 -0.119291147 0.036440748 0.023934000 -0.011245323 -0.207685714 -0.067305815 0.975812541
1305031114.879281 -0.115321517 0.037995476 0.023398293 -0.011521580 -0.207996986 -0.067077656 0.975758728
1305031114.912879 -0.111227584 0.049748473 0.038736839 -0.008338994 -0.210567794 -0.066184376 0.975300617
1305031114.943234 -0.102136589 0.045640946 0.032988976 -0.012814736 -0.210867512 -0.068672624 0.975015254
1305031114.979280 -0.093968919 0.041176415 0.027063152 -0.016858505 -0.208041099 -0.071149101 0.975383257
1305031115.011300 -0.093996523 0.052535088 0.038401084 -0.017693804 -0.206227274 -0.070403432 0.975807664
1305031115.043508 -0.079813476 0.046553200 0.040198585 -0.023405015 -0.205595831 -0.072557330 0.975662848
1305031115.079238 -0.072967108 0.049637315 0.039431402 -0.024213001 -0.201278089 -0.073685533 0.976458552
1305031115.111230 -0.047313726 0.049017652 0.049038269 -0.027874813 -0.202449719 -0.072610772 0.976199151
1305031115.143275 -0.040551073 0.045720571 0.052502391 -0.030587599 -0.192012334 -0.071418600 0.978312346
1305031115.179440 -0.034028411 0.047701471 0.053533951 -0.031578043 -0.186932701 -0.070718083 0.979315039
1305031115.211374 -0.021371236 0.036850358 0.062352560 -0.035951566 -0.185890000 -0.068252117 0.979537667
1305031115.243297 -0.004075905 0.027240459 0.056267829 -0.034401939 -0.179682756 -0.066088271 0.980899054
1305031115.279966 0.016037280 0.032976330 0.065276844 -0.032794730 -0.180673628 -0.060025426 0.981161808
1305031115.311704 0.030620348 0.030285410 0.082420650 -0.033445394 -0.176925899 -0.054314893 0.982155041
1305031115.343235 0.047976578 0.037873517 0.088757799 -0.027252782 -0.169142692 -0.050263239 0.983931727
1305031115.379166 0.053457740 0.045870106 0.079906934 -0.030376505 -0.161265972 -0.045977467 0.985371314
1305031115.411237 0.069959932 0.032546271 0.096648721 -0.042572816 -0.171021795 -0.042931186 0.983410400
1305031115.443159 0.090163253 0.035169759 0.105230090 -0.044910846 -0.174408648 -0.038764868 0.982884492
1305031115.479241 0.105788266 0.040919741 0.110447474 -0.047933102 -0.173839717 -0.033017261 0.983052405
1305031115.511253 0.142163789 0.034742625 0.128195436 -0.053331200 -0.180965803 -0.029509540 0.981598873
1305031115.543604 0.156667306 0.034901357 0.133262684 -0.053034028 -0.165965065 -0.023789124 0.984417120
1305031115.579315 0.167048504 0.035291083 0.136274793 -0.052514628 -0.151885267 -0.018007141 0.986837789
1305031115.611424 0.185115803 0.032836746 0.141793795 -0.052933773 -0.147194397 -0.012645783 0.987609189
1305031115.643254 0.207562341 0.023144339 0.134356829 -0.055615497 -0.140391818 -0.006284028 0.988512805
1305031115.679241 0.213045691 0.029129029 0.138128418 -0.052500077 -0.133939389 0.004721082 0.989586628
1305031115.711320 0.228468679 0.033903908 0.144041921 -0.051125511 -0.134207776 0.013056134 0.989547367
1305031115.743250 0.254683489 0.034037695 0.154746942 -0.052441668 -0.131639279 0.020786336 0.989691315
1305031115.779425 0.277176118 0.033283305 0.159999833 -0.051616020 -0.124362887 0.028688678 0.990477975
1305031115.811277 0.278479792 0.045269495 0.162090137 -0.046199276 -0.110803942 0.033631683 0.992198077
1305031115.843224 0.288509593 0.044231137 0.162748931 -0.049304973 -0.098522061 0.039726812 0.993118424
1305031115.879198 0.301548518 0.035043172 0.161351911 -0.052474360 -0.091307369 0.046680303 0.993343020
1305031115.911118 0.296497969 0.054254292 0.172293909 -0.041534463 -0.083204928 0.050170192 0.994401720
1305031115.943311 0.307852609 0.055847606 0.182596478 -0.042619456 -0.077433926 0.057143497 0.994445670
1305031115.980740 0.309649942 0.060197892 0.185603987 -0.042714892 -0.066732267 0.062578370 0.994890039
1305031116.011379 0.324542590 0.063273107 0.192006733 -0.044548250 -0.059282695 0.065575717 0.995088358
1305031116.043164 0.336004877 0.064895661 0.196919528 -0.047271458 -0.046986873 0.067314967 0.995503058
1305031116.080030 0.294538548 0.077957290 0.211553385 -0.043710736 -0.013065662 0.066606671 0.996735778
1305031116.111300 0.297820136 0.078962279 0.217489535 -0.050342536 0.000074016 0.070305000 0.996254401
1305031116.143441 0.300228496 0.080762908 0.220479556 -0.053240269 0.011581353 0.073275758 0.995822278
1305031116.179572 0.279357588 0.083098178 0.222231627 -0.053727442 0.032360920 0.076065793 0.995128197
1305031116.211299 0.284739082 0.086827911 0.225889301 -0.056285817 0.039942926 0.079120385 0.994472943
1305031116.243320 0.276144791 0.089605177 0.229692403 -0.056612063 0.054608122 0.085101647 0.993262673
1305031116.279385 0.321238223 0.079557801 0.233810104 -0.062837334 0.047323897 0.083655304 0.993384975
1305031116.311336 0.323032823 0.085474451 0.234288675 -0.062804456 0.059302885 0.087557928 0.992407365
1305031116.343292 0.336897230 0.093324677 0.208750460 -0.060692854 0.058629379 0.092612681 0.992119884
1305031116.379384 0.342919113 0.095222675 0.208486058 -0.054022158 0.060662564 0.093389005 0.992310513
1305031116.411333 0.332810849 0.101123291 0.202990474 -0.047402201 0.068960502 0.098658135 0.991596719
1305031116.443369 0.337346433 0.103382126 0.199052713 -0.049566911 0.069159212 0.107984296 0.990504678
1305031116.479850 0.342720767 0.094712960 0.200632699 -0.054648134 0.068080546 0.112944245 0.989758667
1305031116.511205 0.339744275 0.099154478 0.194679229 -0.049946853 0.067521050 0.110895471 0.990276938
1305031116.543262 0.341378395 0.089997621 0.189818844 -0.052494693 0.064925675 0.106702241 0.990779287
1305031116.579313 0.353388459 0.113125871 0.188369428 -0.041636739 0.053972918 0.100242529 0.992625177
1305031116.611261 0.330040203 0.102060431 0.184085544 -0.045564058 0.056043049 0.096730045 0.992686452
1305031116.643355 0.347622747 0.089734563 0.185054573 -0.050301575 0.035896300 0.082691116 0.994657422
1305031116.679281 0.322466486 0.091184714 0.190924235 -0.047781316 0.035293116 0.075955650 0.995340184
1305031116.711634 0.305915814 0.085145248 0.193254218 -0.049624767 0.032919130 0.066105752 0.996034007
1305031116.743291 0.284051737 0.073003350 0.187235232 -0.056691069 0.032992441 0.054877177 0.996336347
1305031116.779298 0.280007424 0.073568077 0.186322091 -0.058133403 0.023644216 0.043978313 0.997059360
1305031116.811318 0.282075912 0.077947622 0.181695471 -0.055121212 0.011604442 0.036488951 0.997745231
1305031116.846089 0.306556652 0.077288536 0.171224976 -0.053646095 -0.014628004 0.027844773 0.998064520
1305031116.880165 0.295548031 0.075797699 0.169725748 -0.055261714 -0.027703237 0.020901573 0.997868628
1305031116.912044 0.285091991 0.068154669 0.164513782 -0.058027502 -0.041124565 0.015933783 0.997340310
1305031116.943296 0.272651889 0.068156647 0.158096006 -0.058895772 -0.056388516 0.009434413 0.996625614
1305031116.979351 0.258729928 0.061551384 0.151958528 -0.061026770 -0.069062966 0.001654470 0.995742589
1305031117.011382 0.255706619 0.058779388 0.148001000 -0.061746419 -0.086228951 -0.003158553 0.994355053
1305031117.043261 0.258545173 0.057611989 0.142732517 -0.064865807 -0.104020097 -0.002866408 0.992453541
1305031117.079520 0.261765888 0.055924038 0.146537122 -0.068688219 -0.122115260 -0.004731236 0.990124945
1305031117.111238 0.217491097 0.052597290 0.123938617 -0.069164442 -0.117699779 -0.015988081 0.990508669
1305031117.143218 0.311638701 0.093501524 0.168537826 -0.057608826 -0.184241383 0.002637681 0.981187739
1305031117.179264 0.310152850 0.092292534 0.172491486 -0.060583249 -0.197122565 -0.002473261 0.978502043
1305031117.211361 0.305398669 0.092141173 0.171787020 -0.062038903 -0.204495542 -0.006497799 0.976877949
1305031117.243277 0.305713692 0.089483119 0.167808871 -0.067599309 -0.208431971 -0.008308950 0.975662548
1305031117.279299 0.303755750 0.088439451 0.172630241 -0.071779509 -0.209146287 -0.013448827 0.975153661
1305031117.311200 0.302118386 0.085329337 0.177009979 -0.076013570 -0.208925947 -0.014911824 0.974858720
1305031117.343243 0.299709193 0.080852464 0.178577866 -0.078793643 -0.209543097 -0.015390888 0.974498011
1305031117.379454 0.297513030 0.076644702 0.176070938 -0.078198328 -0.208744334 -0.016592164 0.974697658
1305031117.411221 0.294107564 0.072374998 0.176720595 -0.076798339 -0.209712083 -0.015669821 0.974616496
1305031117.443274 0.298649567 0.074685397 0.183088646 -0.073090684 -0.214571228 -0.011180180 0.973905511
1305031117.479403 0.296483059 0.069972496 0.180547926 -0.070722466 -0.214140912 -0.010656883 0.974180904
1305031117.511325 0.291492040 0.050110238 0.170395447 -0.071541117 -0.211689028 -0.011899725 0.974642509
1305031117.544285 0.291110923 0.048012520 0.169457642 -0.065390521 -0.212323348 -0.010515330 0.974952462
1305031117.579155 0.294847727 0.034081577 0.166433491 -0.065559315 -0.214341454 -0.011425262 0.974489190
1305031117.611159 0.290162822 0.029886673 0.169640465 -0.063448298 -0.215452648 -0.010896898 0.974389926
1305031117.643252 0.288642358 0.023370672 0.171244975 -0.061427658 -0.217264716 -0.009594734 0.974130703
1305031117.679262 0.287161120 0.019492905 0.173514633 -0.059879656 -0.219960617 -0.009354471 0.973624285
1305031117.711184 0.285785981 0.007916706 0.178524782 -0.061266574 -0.222554234 -0.008620342 0.972955143
1305031117.743184 0.280703809 -0.008332102 0.175498349 -0.063001530 -0.222132105 -0.007575893 0.972949506
1305031117.779467 0.272741396 -0.007648919 0.172038779 -0.058359215 -0.221102523 -0.007219348 0.973476121
1305031117.811320 0.277876415 -0.042229656 0.176908610 -0.068389284 -0.224790593 -0.008220934 0.971969398
1305031117.843291 0.279299848 -0.049142181 0.185053139 -0.065480453 -0.226200108 -0.006747826 0.971854047
1305031117.879451 0.276908097 -0.054430390 0.187941755 -0.063091490 -0.222852223 -0.005877659 0.972790730
1305031117.911407 0.274134929 -0.067709950 0.191453106 -0.063729573 -0.220614845 -0.006170531 0.973257189
1305031117.943253 0.274408319 -0.073359283 0.196386366 -0.061646395 -0.219621001 -0.006141750 0.973616258
1305031117.979228 0.269649231 -0.081381672 0.198528985 -0.062823836 -0.216712869 -0.007156693 0.974185547
1305031118.011228 0.267279495 -0.098547862 0.203937827 -0.066803775 -0.216365261 -0.008677432 0.973985642
1305031118.043521 0.265084839 -0.107310273 0.206919535 -0.065746329 -0.214695755 -0.007971668 0.974432966
1305031118.079334 0.264000866 -0.114594026 0.211050938 -0.064669743 -0.213614916 -0.009778683 0.974726048
1305031118.111217 0.264144187 -0.124123698 0.218898076 -0.063791665 -0.210551068 -0.010820374 0.975439281
1305031118.143256 0.260571789 -0.133631252 0.219592811 -0.062231627 -0.205004014 -0.012218405 0.976704300
1305031118.179323 0.260106071 -0.145948934 0.224897247 -0.062348237 -0.202718823 -0.013840625 0.977152093
1305031118.211202 0.252531771 -0.159685124 0.223346030 -0.060133342 -0.197548901 -0.013850536 0.978348903
1305031118.243173 0.251426548 -0.170364009 0.225439183 -0.058088080 -0.198602319 -0.012724391 0.978274493
1305031118.279194 0.252107061 -0.182980424 0.232135888 -0.055042220 -0.199860651 -0.012928895 0.978191657
1305031118.311299 0.251099502 -0.190258921 0.231844246 -0.048296466 -0.199763125 -0.011690998 0.978583397
1305031118.343324 0.252389946 -0.191849503 0.237002392 -0.041946061 -0.199859177 -0.011306946 0.978861068
1305031118.379208 0.248985114 -0.197740900 0.238099442 -0.037415967 -0.197481880 -0.011540797 0.979524253
1305031118.411296 0.244143914 -0.196030259 0.237391840 -0.032547822 -0.197834499 -0.010030962 0.979643573
1305031118.445692 0.248447369 -0.199075768 0.244299906 -0.032477961 -0.200290381 -0.007431325 0.979169914
1305031118.479285 0.247695291 -0.206365163 0.244028689 -0.034284003 -0.200204858 -0.005843362 0.979136598
1305031118.511255 0.246197664 -0.198211398 0.243762996 -0.029569880 -0.199692901 -0.003716440 0.979405205
1305031118.544414 0.246651524 -0.192635475 0.244584776 -0.029642387 -0.199086407 -0.004341581 0.979523906
1305031118.579285 0.250471283 -0.192702384 0.250514335 -0.032512260 -0.200216741 -0.004890458 0.979199823
1305031118.616142 0.250092908 -0.188284965 0.246253820 -0.032098266 -0.196952003 -0.007615767 0.979857954
1305031118.645325 0.249735988 -0.179827295 0.243454907 -0.031756643 -0.194427825 -0.010618841 0.980345131
1305031118.679295 0.249925317 -0.174101489 0.242424815 -0.034923802 -0.193316590 -0.012578423 0.980433989
1305031118.711421 0.250110800 -0.171317782 0.238823648 -0.036201144 -0.193317011 -0.015938797 0.980338699
1305031118.746770 0.245521843 -0.162777741 0.228315128 -0.033969289 -0.192811113 -0.015806664 0.980520327
1305031118.779277 0.248145474 -0.137605978 0.225640685 -0.031148564 -0.197229497 -0.015076653 0.979746389
1305031118.811221 0.252940556 -0.140234584 0.230020925 -0.039185600 -0.201639963 -0.017191243 0.978524540
1305031118.846753 0.259409690 -0.126989496 0.229334024 -0.034301958 -0.203659305 -0.014616235 0.978331554
1305031118.879208 0.260682896 -0.103397692 0.215629208 -0.028270258 -0.199302706 -0.017033596 0.979381989
1305031118.911177 0.262240352 -0.102647847 0.216007305 -0.034449288 -0.199334237 -0.019624433 0.979129200
1305031118.946974 0.263690837 -0.089024543 0.209590550 -0.032120794 -0.197676395 -0.021002496 0.979515795
1305031118.979374 0.262942231 -0.066073480 0.200711070 -0.028556293 -0.195424865 -0.024114545 0.980006199
1305031119.011363 0.263745185 -0.055561465 0.195712688 -0.031890751 -0.195653471 -0.027380993 0.979771902
1305031119.047172 0.266023255 -0.056227720 0.187825037 -0.037759138 -0.196216577 -0.029135326 0.979400038
1305031119.079223 0.261273058 -0.033257792 0.180985946 -0.033952608 -0.196486021 -0.027660103 0.979528143
1305031119.111328 0.267960191 -0.037223408 0.176517124 -0.039356996 -0.201929440 -0.028100833 0.978205434
1305031119.147616 0.268062591 -0.020396480 0.165943059 -0.037935137 -0.203953192 -0.026045967 0.977898578
1305031119.179226 0.270274396 -0.016386432 0.163283876 -0.039748981 -0.208885659 -0.026753748 0.976765600
1305031119.211364 0.274166117 -0.005767724 0.161914754 -0.037114681 -0.212122361 -0.024795490 0.976223227
1305031119.247399 0.274750846 0.026012958 0.156556783 -0.030888516 -0.213161844 -0.019127216 0.976341169
1305031119.279212 0.277360084 0.023774457 0.152568058 -0.034139297 -0.214648069 -0.021644921 0.975854606
1305031119.311212 0.278413662 0.036170923 0.150979861 -0.034254656 -0.215646818 -0.017595947 0.975711766
1305031119.347741 0.279437128 0.054959404 0.143886098 -0.031267825 -0.216929116 -0.013271007 0.975596209
1305031119.379239 0.283764064 0.071163828 0.146038677 -0.030485775 -0.221598351 -0.008945987 0.974620315
1305031119.411484 0.288600170 0.076214617 0.144509307 -0.032344626 -0.222605283 -0.010255435 0.974317987
1305031119.447706 0.291840293 0.092595520 0.143891263 -0.031749178 -0.221449870 -0.007751826 0.974623955
1305031119.479267 0.290655142 0.107372980 0.139313774 -0.028298424 -0.218635050 -0.008354004 0.975360510
1305031119.511240 0.291670445 0.113516830 0.135146727 -0.032119352 -0.217769563 -0.007236809 0.975444716
1305031119.547382 0.293594385 0.123274228 0.132212224 -0.034600351 -0.218399109 -0.005197338 0.975232092
1305031119.579559 0.294228409 0.136403335 0.127397643 -0.036281836 -0.216914531 -0.005874471 0.975498439
1305031119.615017 0.294205637 0.141853774 0.126216248 -0.041777277 -0.215167632 -0.006317255 0.975662668
1305031119.647903 0.293383984 0.159506452 0.126258074 -0.042743390 -0.215184303 -0.004061107 0.975629144
1305031119.679208 0.295153260 0.174165980 0.127458725 -0.045298919 -0.214107841 -0.007235826 0.975732281
1305031119.715232 0.293803051 0.175371950 0.128817429 -0.056038757 -0.209965582 -0.005410774 0.976086490
1305031119.747193 0.291152684 0.189447720 0.124267624 -0.058022189 -0.207442206 -0.000921638 0.976524607
1305031119.779169 0.289285140 0.194067587 0.122009540 -0.062330511 -0.208183432 -0.001281227 0.976100878
1305031119.814537 0.292181652 0.205758464 0.121417017 -0.064411560 -0.210225602 0.002872991 0.975524522
1305031119.847429 0.289235472 0.219478330 0.118053603 -0.065720429 -0.207728132 0.006491913 0.975954765
1305031119.879214 0.290225083 0.223704487 0.118975242 -0.068195457 -0.206882772 0.007395549 0.975958095
1305031119.911401 0.290110853 0.236749324 0.113003582 -0.066437739 -0.204093688 0.007374283 0.976666480
1305031119.947392 0.290103007 0.238456054 0.111762934 -0.073653280 -0.202356035 0.005631724 0.976522152
1305031119.979537 0.292178211 0.243027734 0.112598401 -0.076454610 -0.200357469 0.004362643 0.976725419
1305031120.015264 0.287867206 0.248379556 0.104383088 -0.081250398 -0.193869899 0.002277332 0.977654156
1305031120.047290 0.285620007 0.248476773 0.103410056 -0.090714657 -0.192800205 0.004116148 0.977027118
1305031120.079418 0.289348995 0.241463951 0.106720244 -0.096940832 -0.197440623 0.005777857 0.975492846
1305031120.115232 0.285508603 0.258504042 0.101678130 -0.091102019 -0.197440867 0.008725929 0.976033496
1305031120.148157 0.289384393 0.247255276 0.107808002 -0.097660406 -0.200739572 0.007690970 0.974734281
1305031120.179246 0.289989311 0.242812842 0.110804961 -0.097813466 -0.200820640 0.010895090 0.974671685
1305031120.215249 0.291135869 0.234177770 0.108380062 -0.094969499 -0.200339573 0.011183075 0.975048608
1305031120.248003 0.289908944 0.237869034 0.109922666 -0.087674163 -0.200378441 0.011877935 0.975715448
1305031120.279430 0.292895210 0.225194833 0.111463386 -0.087323487 -0.200602879 0.010108589 0.975720713
1305031120.315196 0.291408005 0.225308311 0.113708272 -0.080927066 -0.200057012 0.009766450 0.976387535
1305031120.347787 0.289559551 0.218099959 0.118011387 -0.076291202 -0.199479274 0.008136920 0.976893782
1305031120.379437 0.289890742 0.210363773 0.118877567 -0.073957733 -0.199436687 0.008269650 0.977080792
1305031120.415445 0.288677282 0.191753443 0.128281307 -0.070189154 -0.200805221 0.009442209 0.977067854
1305031120.447417 0.287211167 0.190911738 0.128370164 -0.059546612 -0.200583840 0.009833534 0.977815742
1305031120.479432 0.288392803 0.175210541 0.132507971 -0.059006603 -0.201733113 0.011140004 0.977598012
1305031120.514819 0.285335177 0.164363441 0.137663756 -0.052973044 -0.202996193 0.015972902 0.977615092
1305031120.547736 0.287268820 0.153199627 0.142761699 -0.048173771 -0.207398106 0.018379120 0.976896884
1305031120.579551 0.283978171 0.145503173 0.141619865 -0.044969522 -0.209418084 0.021753734 0.976549325
1305031120.615236 0.284735304 0.137344586 0.149596698 -0.041153512 -0.214792746 0.025398890 0.975461614
1305031120.647354 0.287797047 0.126514558 0.159489608 -0.037299458 -0.220206697 0.027274115 0.974358191
1305031120.679318 0.287444931 0.121400727 0.161985662 -0.033430118 -0.221282150 0.028098012 0.974231563
1305031120.714522 0.286760448 0.108394528 0.165903567 -0.032673404 -0.221762224 0.028287481 0.974142589
1305031120.747369 0.283308253 0.101878527 0.162662607 -0.029864961 -0.221527323 0.028321545 0.974285184
1305031120.779894 0.285533770 0.091465649 0.172936282 -0.027834515 -0.225765109 0.029471801 0.973337952
1305031120.814944 0.284719792 0.083174990 0.174288557 -0.024542104 -0.225483773 0.028507170 0.973520464
1305031120.847921 0.284272828 0.073292471 0.181699392 -0.024808535 -0.227711839 0.025901720 0.973067806
1305031120.883435 0.282420518 0.041481101 0.176482467 -0.028191041 -0.224203207 0.017730142 0.973973218
1305031120.915444 0.281014304 0.058328766 0.178068191 -0.018484539 -0.222784228 0.021768484 0.974449405
1305031120.947488 0.279855032 0.035454823 0.182229228 -0.022433683 -0.222560884 0.017280850 0.974507442
1305031120.983366 0.274680709 0.009143053 0.175240763 -0.025888282 -0.218976541 0.009806043 0.975337333
1305031121.015019 0.276822495 0.000629215 0.183410847 -0.024559575 -0.221786910 0.009922336 0.974735318
1305031121.047498 0.273580590 -0.009837578 0.180070775 -0.024212078 -0.219654896 0.008103201 0.975243477
1305031121.083099 0.271660291 -0.022530849 0.183325713 -0.023680178 -0.220740121 0.006922832 0.975020576
1305031121.114696 0.272219974 -0.031069313 0.184290255 -0.021309209 -0.222289779 0.007909066 0.974715660
1305031121.147331 0.270453728 -0.040306496 0.185349177 -0.019706153 -0.222390671 0.007485153 0.974729721
1305031121.183271 0.270485459 -0.050905910 0.188245841 -0.018331822 -0.224186828 0.007431719 0.974345411
1305031121.211420 0.272620574 -0.062826442 0.193890888 -0.016590275 -0.225276274 0.007272045 0.974126522
1305031121.247194 0.268584876 -0.071158034 0.193539177 -0.014609940 -0.222640251 0.006791014 0.974767537
1305031121.282876 0.266785878 -0.084411730 0.195807276 -0.016379514 -0.223734180 0.007610555 0.974482841
1305031121.313568 0.268691729 -0.096543695 0.200629486 -0.014490224 -0.224801264 0.008631736 0.974258651
1305031121.347517 0.264218530 -0.105458613 0.198616988 -0.013175632 -0.224228639 0.009890620 0.974397299
1305031121.383226 0.268106163 -0.118537668 0.207433198 -0.013068231 -0.227943822 0.011750891 0.973515666
1305031121.414318 0.266924488 -0.120950762 0.211519703 -0.006235500 -0.227291726 0.012158068 0.973730852
1305031121.447319 0.266364365 -0.132587059 0.212569504 -0.006435977 -0.226904690 0.011890138 0.973823118
1305031121.482964 0.266080611 -0.143415398 0.218577124 -0.005511714 -0.225458632 0.013776463 0.974139741
1305031121.514107 0.263564107 -0.147784839 0.216847025 -0.001594137 -0.222701032 0.015699616 0.974759063
1305031121.547270 0.262807822 -0.155208458 0.218231510 -0.003087332 -0.222537338 0.015300299 0.974799211
1305031121.583204 0.263915589 -0.165545246 0.223263217 -0.005216273 -0.222214428 0.014940876 0.974869380
1305031121.614700 0.264774660 -0.175429150 0.228539682 -0.004579634 -0.221415406 0.014000143 0.975068326
1305031121.647183 0.262624020 -0.181207020 0.229360289 -0.003234448 -0.216514294 0.011262604 0.976209123
1305031121.683200 0.260306760 -0.183312653 0.229907656 -0.004101878 -0.212413550 0.010759886 0.977112012
1305031121.714520 0.256946158 -0.188493778 0.229201170 -0.004345754 -0.210717312 0.012288267 0.977460141
1305031121.747145 0.254033163 -0.199472219 0.231662157 -0.007831309 -0.210058540 0.010880599 0.977596897
1305031121.782835 0.255900887 -0.199623694 0.236734006 -0.008258874 -0.210741983 0.014260991 0.977402799
1305031121.811540 0.257505298 -0.203861009 0.240823401 -0.009905736 -0.210389231 0.016151984 0.977434070
1305031121.847335 0.255284724 -0.204722347 0.241521478 -0.011447757 -0.208151137 0.018639087 0.977852053
1305031121.882060 0.252935423 -0.209915068 0.241283100 -0.015767555 -0.207214201 0.023881198 0.977876959
1305031121.914931 0.253186842 -0.210969604 0.242071452 -0.018021050 -0.209350848 0.025684981 0.977337069
1305031121.947288 0.256267493 -0.209638172 0.244946362 -0.017490383 -0.212544815 0.025980044 0.976649285
1305031121.982926 0.256444020 -0.203337623 0.244901488 -0.016244321 -0.212251701 0.025649998 0.976743270
1305031122.014256 0.256270114 -0.202783178 0.242551402 -0.017261782 -0.211972820 0.022985042 0.976852723
1305031122.047306 0.257135081 -0.198555782 0.240562926 -0.015806949 -0.213355425 0.019819937 0.976645674
1305031122.082959 0.258012335 -0.191759991 0.240113065 -0.014365266 -0.214157041 0.016746009 0.976550036
1305031122.114672 0.256261742 -0.176889826 0.233183880 -0.009734358 -0.212868388 0.013018237 0.976945657
1305031122.150725 0.258475366 -0.168639676 0.232230813 -0.009609498 -0.213883908 0.008172994 0.976777628
1305031122.183042 0.260083027 -0.157914844 0.228504851 -0.006142988 -0.212751145 0.002831937 0.977083003
1305031122.214959 0.260779077 -0.135651702 0.223864809 -0.003539271 -0.211208231 -0.003360276 0.977428905
1305031122.251319 0.258569835 -0.142340279 0.219183804 -0.014178500 -0.209326019 -0.008991660 0.977701763
1305031122.283560 0.257829068 -0.127689554 0.213127205 -0.012833007 -0.209372476 -0.010998314 0.977689888
1305031122.314289 0.259621746 -0.112954996 0.205857990 -0.017017292 -0.211620309 -0.017141294 0.977053444
1305031122.351327 0.259525476 -0.105118237 0.199126807 -0.023585336 -0.213104254 -0.021455653 0.976509070
1305031122.382630 0.258504094 -0.095915108 0.190533760 -0.028991514 -0.213925613 -0.022974654 0.976149317
1305031122.414997 0.256778414 -0.088205504 0.186690217 -0.033065641 -0.217232006 -0.023878757 0.975267514
1305031122.451257 0.261524824 -0.086547083 0.183482657 -0.037922774 -0.223330732 -0.024433175 0.973698243
1305031122.483360 0.259681165 -0.070706113 0.175491828 -0.039380590 -0.226690964 -0.023940143 0.972875761
1305031122.515097 0.264929473 -0.061996241 0.175576333 -0.041181123 -0.232615594 -0.025114253 0.971371903
1305031122.551490 0.265645206 -0.043586930 0.174569468 -0.039216506 -0.233825402 -0.026172525 0.971134772
1305031122.583208 0.267509621 -0.028295770 0.169978425 -0.039295218 -0.232802635 -0.026663329 0.971363931
1305031122.614980 0.262641603 -0.024515888 0.154896328 -0.040475592 -0.228686017 -0.028916450 0.972228508
1305031122.648788 0.265566476 -0.019060046 0.153720180 -0.041166904 -0.231957399 -0.027534955 0.971464295
1305031122.683402 0.261985230 -0.000409662 0.145955602 -0.037697644 -0.230879778 -0.026471187 0.971891296
1305031122.715208 0.263362739 0.008544018 0.146599539 -0.039264578 -0.235073947 -0.021922836 0.970936621
1305031122.751298 0.266278921 0.032504961 0.139612629 -0.035263159 -0.237287984 -0.020326638 0.970586292
1305031122.783423 0.266165629 0.058336435 0.141371305 -0.035107219 -0.238617691 -0.016963129 0.970330528
1305031122.812555 0.262505041 0.067411958 0.143073968 -0.038250164 -0.237479048 -0.020167315 0.970429753
1305031122.851418 0.266199901 0.076139271 0.144244855 -0.040203767 -0.234988366 -0.022822725 0.970898166
1305031122.883754 0.264906371 0.089220545 0.141435790 -0.042841690 -0.228329883 -0.021716862 0.972398289
1305031122.914571 0.262985761 0.090644298 0.135721227 -0.048816402 -0.224688534 -0.022286325 0.972951870
1305031122.951341 0.263753920 0.104344865 0.135867364 -0.048134385 -0.224706202 -0.020165941 0.973028026
1305031122.982815 0.261081436 0.115185852 0.129722055 -0.049364941 -0.223205495 -0.017331635 0.973366336
1305031123.015450 0.263650353 0.116727967 0.129639218 -0.054903952 -0.225550733 -0.014559068 0.972574139
1305031123.051827 0.267468788 0.122991283 0.131172530 -0.055428563 -0.226922411 -0.012415038 0.972254988
1305031123.082975 0.265604301 0.141122512 0.126845764 -0.052237892 -0.225047685 -0.009145994 0.972903435
1305031123.113873 0.268445715 0.149339360 0.125711949 -0.056638691 -0.224981753 -0.006692586 0.972692386
1305031123.150822 0.266291879 0.151693323 0.119388560 -0.060679278 -0.222212878 -0.009681245 0.973059985
1305031123.182155 0.276781655 0.178085988 0.129153081 -0.059113651 -0.226572644 -0.003986780 0.972190577
1305031123.214704 0.275587460 0.176526067 0.127566595 -0.067644452 -0.221197771 -0.008357338 0.972844247
1305031123.250618 0.275201225 0.185888808 0.123368681 -0.073504331 -0.216585047 -0.012434586 0.973413279
1305031123.282347 0.276837239 0.188748048 0.126892162 -0.085971859 -0.215024499 -0.011142732 0.972753383
1305031123.311327 0.277164278 0.193214491 0.126071691 -0.093413393 -0.210664992 -0.012410965 0.973005739
1305031123.350481 0.281413903 0.180894150 0.127843722 -0.108927544 -0.208389460 -0.013134969 0.971872469
1305031123.382255 0.284948921 0.205191983 0.135546516 -0.108496190 -0.207187767 -0.007588728 0.972236708
1305031123.411363 0.275969187 0.203560129 0.119129855 -0.112570918 -0.194861512 -0.011044914 0.974286811
1305031123.451255 0.275127455 0.220184391 0.115546894 -0.110570441 -0.191223062 -0.011140112 0.975235262
1305031123.483594 0.274751652 0.231112217 0.116706010 -0.114624101 -0.189284022 -0.008482729 0.975172250
1305031123.511360 0.279450122 0.241504298 0.118815667 -0.117986977 -0.190411285 -0.001603019 0.974587116
1305031123.551513 0.281297770 0.242738694 0.115980294 -0.122860244 -0.190275414 -0.000959188 0.974012170
1305031123.579583 0.283001222 0.249032510 0.118075144 -0.126465739 -0.190817405 0.001724688 0.973443455
1305031123.611335 0.285513351 0.258921299 0.114377923 -0.126623867 -0.189239240 0.002538480 0.973729153
1305031123.652411 0.285574923 0.263451931 0.114941258 -0.131544274 -0.186865127 0.000259777 0.973538628
1305031123.683753 0.283100573 0.273059230 0.110664500 -0.132696257 -0.180775336 -0.002049505 0.974529518
1305031123.711323 0.282026118 0.275286484 0.107934994 -0.138391847 -0.175446541 -0.003567262 0.974706870
1305031123.751723 0.285228891 0.273349811 0.110956751 -0.146089448 -0.175604053 -0.001002191 0.973560520
1305031123.783858 0.284632077 0.271889077 0.107725117 -0.150089274 -0.174691470 -0.000140268 0.973116684
1305031123.811608 0.286452896 0.275016584 0.108973522 -0.150346309 -0.175958325 0.000378506 0.972848658
1305031123.851444 0.286867178 0.275076453 0.109822352 -0.152420169 -0.176591117 0.002863586 0.972407049
1305031123.883786 0.287893755 0.259320314 0.110640454 -0.159303561 -0.178010653 0.002089593 0.971045939
1305031123.911243 0.290124174 0.267207021 0.112142698 -0.151785713 -0.181176554 0.003879972 0.971658942
1305031123.951442 0.287886941 0.269408351 0.108368638 -0.149775519 -0.179820677 0.005352606 0.972215597
1305031123.983415 0.287931248 0.260604876 0.115595583 -0.155153423 -0.183837805 0.008969944 0.970592920
1305031124.011302 0.284737250 0.252585353 0.117667086 -0.149791175 -0.186883151 0.007459960 0.970866438
1305031124.051505 0.289238454 0.259898528 0.118094973 -0.140866720 -0.192061366 0.012783607 0.971136231
1305031124.083837 0.289086337 0.253663821 0.120812905 -0.140763999 -0.195140059 0.015246322 0.970501625
1305031124.111331 0.286333708 0.232725552 0.130932703 -0.140398804 -0.198747460 0.014787336 0.969829344
1305031124.147446 0.286911819 0.242447394 0.126597574 -0.126424440 -0.199513503 0.015444980 0.971582562
1305031124.182694 0.284766560 0.233744387 0.131627393 -0.125193923 -0.200797388 0.014249454 0.971495673
1305031124.211396 0.287258735 0.220160592 0.139612022 -0.120509519 -0.204254951 0.013717065 0.971374909
1305031124.249327 0.281396495 0.226809532 0.134293604 -0.108113459 -0.202374660 0.016172749 0.973187762
1305031124.282545 0.280026634 0.219937039 0.136220747 -0.106581363 -0.206392670 0.016174358 0.972512657
1305031124.311361 0.281862047 0.192503236 0.139884157 -0.108942743 -0.210678059 0.013067231 0.971378135
1305031124.350354 0.287938861 0.190361324 0.155230919 -0.104702092 -0.220348549 0.020005002 0.969579181
1305031124.382420 0.293160094 0.172254010 0.159002931 -0.104041675 -0.224265529 0.018486026 0.968782003
1305031124.411439 0.292680413 0.160848911 0.155325134 -0.098269049 -0.223757981 0.018462067 0.969502301
1305031124.450245 0.288608221 0.158060381 0.154554239 -0.086513579 -0.223329367 0.017456542 0.970739236
1305031124.480099 0.282577866 0.156400698 0.150458761 -0.075125974 -0.221065979 0.017768565 0.972198642
1305031124.511324 0.282017178 0.142971571 0.149175166 -0.068693344 -0.222103659 0.014814831 0.972487383
1305031124.550437 0.284523640 0.134826545 0.158953539 -0.062825816 -0.227057197 0.013833492 0.971754383
1305031124.579404 0.273558862 0.127339831 0.153780636 -0.052808574 -0.224396740 0.006332781 0.973045350
1305031124.611358 0.271553835 0.101110594 0.150079729 -0.052342268 -0.224310035 0.002163465 0.973108737
1305031124.651271 0.273336306 0.109198829 0.159479091 -0.041540873 -0.229589921 0.005745506 0.972383573
1305031124.679362 0.283326102 0.085394543 0.173200164 -0.044000554 -0.237021782 0.006641444 0.970484682
1305031124.711251 0.280967373 0.068175144 0.174041349 -0.040691020 -0.235976782 0.002605509 0.970902884
1305031124.749890 0.282367773 0.047021915 0.183667223 -0.042606456 -0.238459495 0.001574607 0.970216099
1305031124.779365 0.280090856 0.037023933 0.189527787 -0.038590238 -0.239903660 0.001924163 0.970027487
1305031124.811360 0.279774006 0.025683981 0.195341536 -0.037005514 -0.241631949 0.002525733 0.969658813
1305031124.850535 0.281064151 0.008754934 0.200612079 -0.038940984 -0.243845986 0.000946902 0.969031392
1305031124.879355 0.280999582 -0.012182961 0.209608454 -0.039721688 -0.244956800 -0.000770100 0.968719650
1305031124.911448 0.284641630 -0.020120310 0.216539392 -0.038277071 -0.244792045 -0.000105578 0.968819751
1305031124.950730 0.283064184 -0.033668754 0.230125665 -0.042288432 -0.245597900 -0.000223638 0.968448920
1305031124.979438 0.283019512 -0.066624100 0.237580487 -0.049321022 -0.245269684 -0.000192614 0.968199454
1305031125.011454 0.278074672 -0.084849169 0.240154087 -0.047288300 -0.246112725 0.001126052 0.968086295
1305031125.050763 0.279610652 -0.085959804 0.246192955 -0.042640477 -0.249605850 0.001755233 0.967406651
1305031125.079364 0.278004813 -0.098909558 0.254317661 -0.045391573 -0.249247070 0.004926449 0.967363031
1305031125.111364 0.275347198 -0.112858618 0.259213502 -0.046192439 -0.250017632 0.006505868 0.967116909
1305031125.151013 0.276894147 -0.117354055 0.263733267 -0.040562342 -0.251581879 0.005343681 0.966970889
1305031125.179353 0.274483681 -0.117205097 0.269562170 -0.039168812 -0.249364089 0.008305633 0.967581713
1305031125.211320 0.273344970 -0.140983394 0.275204262 -0.047442825 -0.248661198 0.005417829 0.967412753
1305031125.250632 0.264561766 -0.154223095 0.269572058 -0.044163502 -0.244612785 0.000131382 0.968614554
1305031125.279467 0.267496834 -0.152314853 0.277576558 -0.040137577 -0.247007471 0.003619647 0.968175182
1305031125.311493 0.266881355 -0.163808053 0.284431298 -0.041664196 -0.246248690 0.004618830 0.968299718
1305031125.348880 0.264355355 -0.166154094 0.286121659 -0.035588912 -0.244911311 0.002649216 0.968888467
1305031125.379401 0.267001433 -0.172658727 0.293244049 -0.035841297 -0.244974531 -0.001812898 0.968865106
1305031125.411335 0.264506334 -0.175071716 0.295092342 -0.034858141 -0.237977936 -0.002135567 0.970642494
1305031125.451195 0.261389225 -0.180993269 0.299078364 -0.037966817 -0.232774473 -0.004215466 0.971780220
1305031125.479424 0.263425618 -0.191783990 0.303975753 -0.039216713 -0.230516400 -0.005579444 0.972261852
1305031125.511316 0.258955860 -0.185527965 0.299728136 -0.035386630 -0.224472140 -0.005484055 0.973822350
1305031125.551020 0.258576865 -0.190472547 0.299978299 -0.036150938 -0.221273880 -0.008672901 0.974502827
1305031125.579308 0.259973536 -0.197214347 0.303334008 -0.039480724 -0.218871623 -0.011465723 0.974887184
1305031125.611533 0.258678397 -0.201969137 0.304710965 -0.039679052 -0.215566474 -0.011499797 0.975614895
1305031125.650575 0.251600617 -0.206625690 0.291746985 -0.036633733 -0.210571349 -0.007884718 0.976860025
1305031125.679328 0.250867114 -0.200299226 0.283484197 -0.031633294 -0.213757034 -0.007170526 0.976348221
1305031125.711443 0.255717899 -0.197373494 0.287318768 -0.029954263 -0.221263083 -0.003605697 0.974747346
1305031125.751260 0.260514393 -0.189182480 0.281478240 -0.024860961 -0.224073728 -0.002351488 0.974252209
1305031125.779348 0.261024266 -0.174990697 0.278186775 -0.021674997 -0.224742383 -0.003990448 0.974168944
1305031125.811573 0.265704884 -0.167780690 0.278207765 -0.021201967 -0.225681566 -0.005061031 0.973957234
1305031125.847412 0.265267353 -0.164090894 0.271841435 -0.023965580 -0.223167516 -0.008815874 0.974445581
1305031125.879318 0.263331772 -0.152828299 0.261855068 -0.022334245 -0.221649641 -0.008795136 0.974830890
1305031125.911305 0.261428999 -0.139931863 0.253620197 -0.025134697 -0.223254497 -0.007772901 0.974405079
1305031125.947343 0.258853216 -0.137593085 0.249931058 -0.029950136 -0.228905974 -0.007461141 0.972959082
1305031125.979324 0.261938747 -0.125791133 0.246521841 -0.030334119 -0.236754007 -0.003457066 0.971089816
1305031126.011333 0.268904400 -0.115314043 0.245430909 -0.032491466 -0.244107338 -0.004232826 0.969194509
1305031126.047324 0.273441800 -0.099318138 0.247276842 -0.034137586 -0.247119378 -0.003418243 0.968377485
1305031126.079356 0.273755039 -0.087923055 0.242597168 -0.038093744 -0.244844402 -0.004918692 0.968801266
1305031126.111370 0.275716696 -0.074557700 0.244734824 -0.040861529 -0.245431657 -0.005526834 0.968536572
1305031126.147432 0.276400898 -0.063046748 0.240503797 -0.043787427 -0.243768849 -0.005276441 0.968830000
1305031126.179384 0.276451456 -0.048435997 0.230968434 -0.049269527 -0.242070452 -0.007117591 0.968980779
1305031126.211319 0.275210121 -0.020643818 0.236421572 -0.048312640 -0.243967572 -0.002859528 0.968575003
1305031126.247298 0.277599504 -0.009411091 0.234814620 -0.051885161 -0.243207978 -0.003869717 0.968577738
1305031126.279363 0.279526222 0.002896966 0.230023263 -0.055747066 -0.241240035 -0.006108577 0.968843742
1305031126.311332 0.279830100 0.026591824 0.230977217 -0.055018195 -0.238739517 -0.007487647 0.969494908
1305031126.347363 0.277541696 0.038300231 0.223152030 -0.057897356 -0.232648254 -0.010629259 0.970777887
1305031126.379423 0.270479564 0.062648361 0.214120588 -0.055496685 -0.225889073 -0.011324771 0.972505010
1305031126.411465 0.271670091 0.081690228 0.212335363 -0.056683521 -0.224853325 -0.012383417 0.972663668
1305031126.447361 0.273075319 0.077485470 0.206194890 -0.065096026 -0.222358982 -0.016648976 0.972646802
1305031126.479533 0.267449465 0.112235304 0.198284808 -0.059143366 -0.219856814 -0.008686421 0.973698921
1305031126.511410 0.271786699 0.116429954 0.191739250 -0.064549897 -0.221326898 -0.008960475 0.973019745
1305031126.547374 0.272561308 0.154351212 0.195757146 -0.059349369 -0.223249983 -0.005792307 0.972935531
1305031126.579454 0.271424743 0.154294756 0.188774635 -0.067501483 -0.218848912 -0.006761049 0.973397654
1305031126.611528 0.269994904 0.146005071 0.186811058 -0.079227485 -0.215923375 -0.010947659 0.973129103
1305031126.647376 0.276030075 0.161998812 0.187639332 -0.080384780 -0.216416843 -0.006623943 0.972963597
1305031126.679479 0.273610271 0.173620253 0.191179347 -0.079930139 -0.214525032 -0.002817756 0.973438361
1305031126.711583 0.280345903 0.182633671 0.190939488 -0.082986096 -0.215598993 0.001070896 0.972948732
1305031126.747316 0.279892478 0.184768644 0.187541435 -0.084739135 -0.212836908 0.002275872 0.973403590
1305031126.779379 0.280984936 0.189918682 0.183901110 -0.085026684 -0.211356926 0.004957943 0.973690984
1305031126.811602 0.283795118 0.192803969 0.185723469 -0.086324839 -0.210338927 0.005638432 0.973793492
1305031126.847343 0.284688460 0.195880171 0.183350517 -0.086972038 -0.206238841 0.005721169 0.974612063
1305031126.879357 0.286720461 0.196595209 0.180149641 -0.088820000 -0.204260393 0.006186214 0.974859185
1305031126.911364 0.287114541 0.196449564 0.179529480 -0.089654172 -0.201918443 0.005031522 0.975277271
1305031126.947437 0.287700449 0.197469883 0.175338621 -0.090701281 -0.200102704 0.006360269 0.975546889
1305031126.979337 0.287882026 0.196176781 0.174305757 -0.091988644 -0.200794788 0.007655013 0.975274804
1305031127.011371 0.289039707 0.195957952 0.176220896 -0.090709434 -0.202537043 0.008280079 0.975029223
1305031127.047297 0.289156440 0.197349789 0.173368247 -0.089568261 -0.202203580 0.009502953 0.975192767
1305031127.079299 0.289339898 0.196261767 0.173840881 -0.090241758 -0.202898743 0.009990737 0.974981390
1305031127.111435 0.287992508 0.193341748 0.173058644 -0.090988943 -0.204375967 0.011044119 0.974591968
1305031127.147307 0.286856883 0.191917926 0.175247457 -0.089347052 -0.208132619 0.012489119 0.973931178
1305031127.179349 0.287313746 0.193561128 0.174780792 -0.085661114 -0.210990978 0.012097489 0.973652213
1305031127.211700 0.288693461 0.191814535 0.179064268 -0.085057528 -0.213795511 0.012365793 0.973089813
1305031127.247374 0.288849982 0.188280258 0.180984964 -0.083287606 -0.214310775 0.012257189 0.973130941
1305031127.279465 0.285257044 0.187504468 0.178430111 -0.079799177 -0.212503443 0.010363037 0.973841355
1305031127.311362 0.285075829 0.186384038 0.180846757 -0.079491293 -0.214060012 0.010744393 0.973521445
1305031127.347356 0.285920614 0.181546117 0.183692902 -0.078034453 -0.216539173 0.011137771 0.973086513
1305031127.379262 0.283622800 0.183654857 0.182852389 -0.073386806 -0.216558833 0.011104384 0.973444062
1305031127.411371 0.283644081 0.181611866 0.184098412 -0.073147952 -0.218082917 0.011147499 0.973121242
1305031127.447333 0.282369066 0.177747740 0.187474890 -0.072401811 -0.219522090 0.010568198 0.972859878
1305031127.479362 0.280032519 0.179426813 0.186139926 -0.068909696 -0.219468574 0.009803303 0.973133544
1305031127.511356 0.277203268 0.176472717 0.186122857 -0.070121128 -0.219547743 0.007593994 0.973048893
1305031127.547348 0.280781281 0.174468007 0.191347258 -0.070033859 -0.222996343 0.009231518 0.972256483
1305031127.579345 0.277825328 0.175995486 0.191018639 -0.067045214 -0.222357681 0.009371812 0.972612035
1305031127.611271 0.277073630 0.175585834 0.189959504 -0.067273769 -0.222204189 0.008300503 0.972641064
1305031127.647358 0.277360185 0.173265828 0.194914329 -0.068943969 -0.223672012 0.010252249 0.972168942
1305031127.679298 0.277807577 0.170254147 0.193273919 -0.068224557 -0.223935272 0.010723188 0.972154009
1305031127.711375 0.275997403 0.173837071 0.192245677 -0.065845147 -0.223853620 0.010192766 0.972342574
1305031127.747304 0.277203416 0.168990599 0.193711049 -0.068373279 -0.224902974 0.009803575 0.971929852
1305031127.779346 0.276159429 0.168975091 0.195463081 -0.067257324 -0.225282591 0.011510714 0.971901080
1305031127.811829 0.275894547 0.170608076 0.194820947 -0.064742051 -0.225525138 0.010268371 0.972029547
1305031127.847366 0.275293056 0.169109590 0.192847295 -0.064837942 -0.224933460 0.008806191 0.972174589
1305031127.879380 0.274091197 0.167159229 0.192242719 -0.065140519 -0.224690436 0.008194150 0.972215910
1305031127.911476 0.274326971 0.166959080 0.193899321 -0.065071766 -0.226279971 0.008283769 0.971851027
1305031127.947366 0.272552684 0.169836698 0.193429197 -0.064240529 -0.226450243 0.007770783 0.971870905
1305031127.979371 0.272877140 0.170837394 0.196446863 -0.065389158 -0.228102538 0.008565569 0.971401113
1305031128.011427 0.273717853 0.170056947 0.198941557 -0.066500973 -0.228785148 0.007542111 0.971173565
1305031128.047369 0.272003529 0.167369792 0.202660007 -0.069784732 -0.227581099 0.007940567 0.971222880
1305031128.079334 0.270764473 0.164498382 0.202597112 -0.070363239 -0.226709689 0.008541496 0.971379830
1305031128.111391 0.271308864 0.164207871 0.204922533 -0.069897164 -0.227647105 0.009977437 0.971180536
1305031128.147418 0.270914774 0.161278461 0.205505877 -0.071715012 -0.227516183 0.011148357 0.971065939
1305031128.179350 0.272623232 0.160625141 0.209933697 -0.070870806 -0.228974251 0.013564310 0.970754413
1305031128.211447 0.271564220 0.161562671 0.207230145 -0.068523386 -0.227913570 0.013942198 0.971167115
1305031128.247480 0.272434942 0.158636767 0.209033768 -0.071011985 -0.229135219 0.013956108 0.970700560
1305031128.279336 0.270124549 0.156337437 0.208929584 -0.070769194 -0.228401047 0.012821386 0.970906945
1305031128.311483 0.271296963 0.156097146 0.204892350 -0.068792176 -0.227819622 0.012114743 0.971194671
1305031128.347423 0.269934062 0.159926576 0.207578752 -0.067748804 -0.228480447 0.012277978 0.971110723
1305031128.379404 0.267781010 0.157192951 0.206568170 -0.068434310 -0.227745988 0.010128644 0.971259966
1305031128.411337 0.269243207 0.155574820 0.205456619 -0.067511218 -0.228032172 0.008670384 0.971271532
1305031128.447296 0.267507483 0.153855865 0.203318301 -0.067329558 -0.227077801 0.006875357 0.971522070
1305031128.479296 0.269106193 0.156017883 0.204465597 -0.065881413 -0.228428583 0.006238443 0.971308964
1305031128.511433 0.270300617 0.155706871 0.207740519 -0.066212991 -0.229462653 0.007095323 0.971036759
1305031128.547399 0.267861328 0.153381841 0.206807468 -0.066590470 -0.227741685 0.005201708 0.971428009
1305031128.579455 0.267831274 0.149132189 0.206953360 -0.067706636 -0.227150603 0.004929940 0.971490664
1305031128.611395 0.268836878 0.149874432 0.206200383 -0.066305857 -0.227681281 0.006184539 0.971455876
1305031128.647352 0.266641949 0.151195172 0.205010923 -0.065415967 -0.228009013 0.006697066 0.971435943
1305031128.679282 0.265379544 0.148376602 0.200655756 -0.063904516 -0.227679695 0.003554296 0.971630350
1305031128.711457 0.271270066 0.151786748 0.209615305 -0.063556072 -0.232266879 0.007187063 0.970546789
1305031128.747363 0.271627912 0.151070289 0.208536747 -0.062834494 -0.231060358 0.005672981 0.970891732
